0 Window  1 x  4 x  5 Simplified
0 Author: James Jessiman

0 BFC NOCERTIFY

 2 24 40 120 10 -40 120 10
 2 24 -40 120 10 -40 120 -10
 2 24 -40 120 -10 40 120 -10
 2 24 40 120 -10 40 120 10
 2 24 36 112 10 -36 112 10
 2 24 -36 112 10 -36 112 -6
 2 24 -36 112 -6 36 112 -6
 2 24 36 112 -6 36 112 10
 2 24 32 108 -6 -32 108 -6
 2 24 -32 108 -6 -32 108 -10
 2 24 -32 108 -10 32 108 -10
 2 24 32 108 -10 32 108 -6
 2 24 32 8 -6 -32 8 -6
 2 24 -32 8 -6 -32 8 -10
 2 24 -32 8 -10 32 8 -10
 2 24 32 8 -10 32 8 -6
 2 24 36 4 10 -36 4 10
 2 24 -36 4 10 -36 4 -6
 2 24 -36 4 -6 36 4 -6
 2 24 36 4 -6 36 4 10
 2 24 40 0 10 -40 0 10
 2 24 -40 0 10 -40 0 -10
 2 24 -40 0 -10 40 0 -10
 2 24 40 0 -10 40 0 10
 2 24 32 8 -6 32 108 -6
 2 24 -32 8 -6 -32 108 -6
 2 24 32 8 -10 32 108 -10
 2 24 -32 8 -10 -32 108 -10
 2 24 36 4 10 36 112 10
 2 24 -36 4 10 -36 112 10
 2 24 36 4 -6 36 112 -6
 2 24 -36 4 -6 -36 112 -6
 2 24 40 0 10 40 120 10
 2 24 -40 0 10 -40 120 10
 2 24 40 0 -10 40 120 -10
 2 24 -40 0 -10 -40 120 -10
 4 16 32 8 -6 -32 8 -6 -32 8 -10 32 8 -10
 4 16 -32 8 -6 -32 108 -6 -32 108 -10 -32 8 -10
 4 16 -32 108 -6 32 108 -6 32 108 -10 -32 108 -10
 4 16 32 108 -6 32 8 -6 32 8 -10 32 108 -10
 4 16 36 4 -6 -36 4 -6 -36 8 -6 36 8 -6
 4 16 -36 8 -6 -36 108 -6 -32 108 -6 -32 8 -6
 4 16 36 112 -6 -36 112 -6 -36 108 -6 36 108 -6
 4 16 36 8 -6 36 108 -6 32 108 -6 32 8 -6
 4 16 36 4 10 -36 4 10 -36 4 -6 36 4 -6
 4 16 -36 4 10 -36 112 10 -36 112 -6 -36 4 -6
 4 16 -36 112 10 36 112 10 36 112 -6 -36 112 -6
 4 16 36 112 10 36 4 10 36 4 -6 36 112 -6
 4 16 40 0 10 -40 0 10 -40 4 10 40 4 10
 4 16 -40 4 10 -40 112 10 -36 112 10 -36 4 10
 4 16 -40 112 10 40 112 10 40 120 10 -40 120 10
 4 16 40 4 10 40 112 10 36 112 10 36 4 10
 4 16 40 0 -10 -40 0 -10 -40 8 -10 40 8 -10
 4 16 -40 8 -10 -40 108 -10 -32 108 -10 -32 8 -10
 4 16 -40 108 -10 40 108 -10 40 120 -10 -40 120 -10
 4 16 40 8 -10 40 108 -10 32 108 -10 32 8 -10
 4 16 40 0 10 -40 0 10 -40 0 -10 40 0 -10
 4 16 -40 0 10 -40 120 10 -40 120 -10 -40 0 -10
 4 16 40 120 10 40 0 10 40 0 -10 40 120 -10
 4 16 40 120 10 -40 120 10 -40 120 -10 40 120 -10
0
