0 Baseplate 32 x 32 with Racing Pattern without studs
0 Name: B\30030p01.dat
0 Author: Thomas Burger [grapeape]
0 !LDRAW_ORG Part UPDATE 2003-03
0 !LICENSE Redistributable under CCAL version 2.0 : see CAreadme.txt

0 BFC CERTIFY CW

0 !HISTORY 2003-07-04 [Steffen]  deleted identical lines, removed matrix all-zero errors, fixed degenerate quads, added 2 missing quads (part had open sides), fixed part name, BFCed
0 !HISTORY 2003-12-19 [PTadmin] Official Update 2003-03
0 !HISTORY 2007-05-25 [PTadmin] Header formatted for Contributor Agreement
0 !HISTORY 2008-07-01 [PTadmin] Official Update 2008-01

1 16 316 4 316 4 0 0 0 4 0 0 0 4 1-4edge.dat
1 16 -316 4 316 -4 0 0 0 4 0 0 0 4 1-4edge.dat
1 16 -316 4 -316 -4 0 0 0 4 0 0 0 -4 1-4edge.dat
1 16 316 4 -316 4 0 0 0 4 0 0 0 -4 1-4edge.dat
1 16 316 0 316 4 0 0 0 4 0 0 0 4 1-4edge.dat
1 16 -316 0 316 -4 0 0 0 4 0 0 0 4 1-4edge.dat
2 24 316 4 320 -316 4 320
2 24 -320 4 316 -320 4 -316
2 24 -316 4 -320 316 4 -320
2 24 320 4 -316 320 4 316
2 24 316 0 320 -316 0 320
2 24 -320 0 316 -320 0 -316
1 16 -316 0 -316 -4 0 0 0 4 0 0 0 -4 1-4edge.dat
2 24 -316 0 -320 316 0 -320
1 16 316 0 -316 4 0 0 0 4 0 0 0 -4 1-4edge.dat
2 24 320 0 -316 320 0 316
1 16 316 4 316 4 0 0 0 -4 0 0 0 4 1-4disc.dat
4 16 316 4 316 316 4 320 -316 4 320 -316 4 316
1 16 -316 4 316 -4 0 0 0 -4 0 0 0 4 1-4disc.dat
4 16 -316 4 316 -320 4 316 -320 4 -316 -316 4 -316
1 16 -316 4 -316 -4 0 0 0 -4 0 0 0 -4 1-4disc.dat
4 16 -316 4 -316 -316 4 -320 316 4 -320 316 4 -316
1 16 316 4 -316 4 0 0 0 -4 0 0 0 -4 1-4disc.dat
4 16 316 4 -316 320 4 -316 320 4 316 316 4 316
4 16 316 4 316 -316 4 316 -316 4 -316 316 4 -316
1 16 316 0 316 4 0 0 0 4 0 0 0 4 1-4disc.dat
1 16 -316 0 316 -4 0 0 0 4 0 0 0 4 1-4disc.dat
4 16 -316 0 -316 -320 0 -316 -320 0 316 -316 0 316
1 16 -316 0 -316 -4 0 0 0 4 0 0 0 -4 1-4disc.dat
1 16 316 0 -316 4 0 0 0 4 0 0 0 -4 1-4disc.dat
4 16 316 0 316 320 0 316 320 0 -316 316 0 -316
1 16 316 0 316 4 0 0 0 4 0 0 0 4 1-4cyli.dat
1 16 -316 0 316 -4 0 0 0 4 0 0 0 4 1-4cyli.dat
4 16 -320 4 316 -320 0 316 -320 0 -316 -320 4 -316
4 16 316 0 -320 180 0 -320 180 0 320 316 0 320
4 16 -316 0 320 -280 0 320 -280 0 -320 -316 0 -320
4 15 180 0 -320 170 0 -320 170 0 320 180 0 320
2 24 170 0 320 170 0 -320
2 24 -270 0 200 -270 0 -200
2 24 180 0 320 180 0 -320
2 24 -280 0 320 -280 0 -320
2 24 -230 0 320 -270 0 280
2 24 -190 0 320 -270 0 240
2 24 -150 0 320 -270 0 200
2 24 -270 0 290 -240 0 320
2 24 -270 0 250 -200 0 320
2 24 -270 0 210 -160 0 320
2 24 -270 0 320 -270 0 290
2 24 -270 0 280 -270 0 250
2 24 -270 0 240 -270 0 210
2 24 -240 0 320 -270 0 320
2 24 -200 0 320 -230 0 320
2 24 -160 0 320 -190 0 320
3 7 -270 0 290 -270 0 320 -240 0 320
4 7 -230 0 320 -200 0 320 -270 0 250 -270 0 280
4 7 -190 0 320 -160 0 320 -270 0 210 -270 0 240
3 7 -150 0 320 -150 0 200 -270 0 200
4 15 -240 0 320 -230 0 320 -270 0 280 -270 0 290
4 15 -200 0 320 -190 0 320 -270 0 240 -270 0 250
4 15 -160 0 320 -150 0 320 -270 0 200 -270 0 210
2 24 -270 0 -280 -230 0 -320
2 24 -270 0 -240 -190 0 -320
2 24 -270 0 -200 -150 0 -320
2 24 -240 0 -320 -270 0 -290
2 24 -200 0 -320 -270 0 -250
2 24 -160 0 -320 -270 0 -210
2 24 -270 0 -320 -240 0 -320
2 24 -230 0 -320 -200 0 -320
2 24 -190 0 -320 -160 0 -320
2 24 -270 0 -290 -270 0 -320
2 24 -270 0 -250 -270 0 -280
2 24 -270 0 -210 -270 0 -240
3 7 -270 0 -320 -270 0 -290 -240 0 -320
4 7 -270 0 -280 -270 0 -250 -200 0 -320 -230 0 -320
4 7 -270 0 -240 -270 0 -210 -160 0 -320 -190 0 -320
3 7 -270 0 -200 -150 0 -200 -150 0 -320
4 7 -270 0 200 -150 0 200 -150 0 -200 -270 0 -200
4 15 -270 0 -290 -270 0 -280 -230 0 -320 -240 0 -320
4 15 -270 0 -250 -270 0 -240 -190 0 -320 -200 0 -320
4 15 -270 0 -210 -270 0 -200 -150 0 -320 -160 0 -320
2 24 -130 0 140 -130 0 -140
2 24 -120 0 140 -120 0 -140
2 24 -100 0 140 -100 0 -140
2 24 -90 0 140 -90 0 -140
4 15 -280 0 320 -270 0 320 -270 0 -320 -280 0 -320
4 16 -100 0 -140 -120 0 -140 -120 0 140 -100 0 140
4 15 -120 0 -140 -130 0 -140 -130 0 140 -120 0 140
4 15 -100 0 140 -90 0 140 -90 0 -140 -100 0 -140
4 7 -130 0 320 -90 0 320 -90 0 150 -130 0 150
4 7 -130 0 -150 -90 0 -150 -90 0 -320 -130 0 -320
2 24 -100 0 140 -100.76 0 141.91
2 24 -100.76 0 141.91 -102.93 0 143.54
2 24 -102.93 0 143.54 -106.17 0 144.62
2 24 -106.17 0 144.62 -110 0 145
2 24 -110 0 145 -113.83 0 144.62
2 24 -113.83 0 144.62 -117.07 0 143.54
2 24 -117.07 0 143.54 -119.24 0 141.91
2 24 -119.24 0 141.91 -120 0 140
4 16 -100 0 140 -110 0 140 -102.93 0 143.54 -100.76 0 141.91
4 16 -102.93 0 143.54 -110 0 140 -110 0 145 -106.17 0 144.62
4 16 -110 0 140 -117.07 0 143.54 -113.83 0 144.62 -110 0 145
4 16 -110 0 140 -120 0 140 -119.24 0 141.91 -117.07 0 143.54
4 15 -90 0 140 -100 0 140 -100.76 0 141.91 -91.52 0 143.83
4 15 -100.76 0 141.91 -102.93 0 143.54 -95.86 0 147.07 -91.52 0 143.83
4 15 -102.93 0 143.54 -106.17 0 144.62 -102.35 0 149.24 -95.86 0 147.07
4 15 -102.35 0 149.24 -106.17 0 144.62 -110 0 145 -110 0 150
4 15 -110 0 145 -113.83 0 144.62 -117.65 0 149.24 -110 0 150
4 15 -113.83 0 144.62 -117.07 0 143.54 -124.14 0 147.07 -117.65 0 149.24
4 15 -117.07 0 143.54 -119.24 0 141.91 -128.48 0 143.83 -124.14 0 147.07
4 15 -119.24 0 141.91 -120 0 140 -130 0 140 -128.48 0 143.83
2 24 -90 0 140 -91.52 0 143.83
2 24 -91.52 0 143.83 -95.86 0 147.07
2 24 -95.86 0 147.07 -102.35 0 149.24
2 24 -102.35 0 149.24 -110 0 150
2 24 -110 0 150 -117.65 0 149.24
2 24 -117.65 0 149.24 -124.14 0 147.07
2 24 -124.14 0 147.07 -128.48 0 143.83
2 24 -128.48 0 143.83 -130 0 140
1 7 -110 0 140 -20 0 0 0 1 0 0 0 10 2-4ndis.dat
2 24 -120 0 -140 -119.24 0 -141.91
2 24 -119.24 0 -141.91 -117.07 0 -143.54
2 24 -117.07 0 -143.54 -113.83 0 -144.62
2 24 -113.83 0 -144.62 -110 0 -145
2 24 -110 0 -145 -106.17 0 -144.62
2 24 -106.17 0 -144.62 -102.93 0 -143.54
2 24 -102.93 0 -143.54 -100.76 0 -141.91
2 24 -100.76 0 -141.91 -100 0 -140
4 16 -120 0 -140 -110 0 -140 -117.07 0 -143.54 -119.24 0 -141.91
4 16 -117.07 0 -143.54 -110 0 -140 -110 0 -145 -113.83 0 -144.62
4 16 -110 0 -140 -102.93 0 -143.54 -106.17 0 -144.62 -110 0 -145
4 16 -110 0 -140 -100 0 -140 -100.76 0 -141.91 -102.93 0 -143.54
4 15 -130 0 -140 -120 0 -140 -119.24 0 -141.91 -128.48 0 -143.83
4 15 -119.24 0 -141.91 -117.07 0 -143.54 -124.14 0 -147.07 -128.48 0 -143.83
4 15 -117.07 0 -143.54 -113.83 0 -144.62 -117.65 0 -149.24 -124.14 0 -147.07
4 15 -117.65 0 -149.24 -113.83 0 -144.62 -110 0 -145 -110 0 -150
4 15 -110 0 -145 -106.17 0 -144.62 -102.35 0 -149.24 -110 0 -150
4 15 -106.17 0 -144.62 -102.93 0 -143.54 -95.86 0 -147.07 -102.35 0 -149.24
4 15 -102.93 0 -143.54 -100.76 0 -141.91 -91.52 0 -143.83 -95.86 0 -147.07
4 15 -100.76 0 -141.91 -100 0 -140 -90 0 -140 -91.52 0 -143.83
2 24 -130 0 -140 -128.48 0 -143.83
2 24 -128.48 0 -143.83 -124.14 0 -147.07
2 24 -124.14 0 -147.07 -117.65 0 -149.24
2 24 -117.65 0 -149.24 -110 0 -150
2 24 -110 0 -150 -102.35 0 -149.24
2 24 -102.35 0 -149.24 -95.86 0 -147.07
2 24 -95.86 0 -147.07 -91.52 0 -143.83
2 24 -91.52 0 -143.83 -90 0 -140
1 7 -110 0 -140 20 0 0 0 1 0 0 0 -10 2-4ndis.dat
4 7 -150 0 -320 -150 0 320 -130 0 320 -130 0 -320
4 7 -65 0 320 -65 0 -320 -90 0 -320 -90 0 320
4 7 170 0 320 170 0 -320 145 0 -320 145 0 320
0 road sections
4 7 145 0 320 145 0 -320 -65 0 -320 -65 0 320
1 16 -316 0 -316 -4 0 0 0 4 0 0 0 -4 1-4cyli.dat
1 16 316 0 -316 4 0 0 0 4 0 0 0 -4 1-4cyli.dat
4 16 320 4 -316 320 0 -316 320 0 316 320 4 316
4 16 316 4 320 316 0 320 -316 0 320 -316 4 320
4 16 -316 4 -320 -316 0 -320 316 0 -320 316 4 -320
0
