0 Slope Brick 65  2 x  2 x  2 Boxed
0 Author: James Jessiman

0 BFC NOCERTIFY
4 16 20 44 -30 20 0 -10 -20 0 -10 -20 44 -30
4 16 20 48 10 20 0 10 -20 0 10 -20 48 10

2 24 20 48 10 20 0 10
2 24 -20 48 10 -20 0 10
2 24 20 48 -30 20 44 -30
2 24 -20 48 -30 -20 44 -30
2 24 20 0 10 -20 0 10
2 24 20 0 -10 -20 0 -10
2 24 20 44 -30 -20 44 -30
2 24 20 0 10 20 0 -10
2 24 -20 0 10 -20 0 -10
2 24 20 44 -30 20 0 -10
2 24 -20 44 -30 -20 0 -10
 1 16  0 48 -10  20 0 0  0 1 0  0 0 20  rect.dat
4 16 -20 0 10 -20 0 -10 20 0 -10 20 0 10
4 16 20 48 -30 20 44 -30 -20 44 -30 -20 48 -30
4 16 20 48 10 20 0 10 20 44 -30 20 48 -30
3 16 20 0 10 20 0 -10 20 44 -30
4 16 -20 48 -30 -20 44 -30 -20 0 10 -20 48 10
3 16 -20 44 -30 -20 0 -10 -20 0 10
0
