0 Slope Brick 33  3 x  2 Inverted Simplified
0 Author: James Jessiman

0 BFC CERTIFY CCW

1 16  0 0 -20  20 0 0  0 1 0  0 0 30  rect.dat
1 16  0 24 0  20 0 0  0 -1 0  0 0 10  rect.dat

2 24 20 0 -50 20 4 -50
2 24 20 4 -50 20 24 -10
2 24 20 0 10 20 24 10
2 24 -20 0 -50 -20 4 -50
2 24 -20 4 -50 -20 24 -10
2 24 -20 0 10 -20 24 10
2 24 20 4 -50 -20 4 -50

4 16 20 24 -10 20 24 10 20 0 10 20 4 -50
3 16 20 24 -10 20 4 -50 15.602 20 -18
3 16 -20 24 -10 -15.602 20 -18 -20 4 -50
4 16 -4.398 20 -18 0 24 -10 4.398 20 -18 0 4 -50 
4 16 15.602 20 -18 20 4 -50 0 4 -50 4.398 20 -18
4 16 -15.602 20 -18 -4.398 20 -18 0 4 -50 -20 4 -50
3 16 -20 24 -10 -15.5434 20.148 -17.7038 -15.602 20 -18
3 16 -20 24 -10 -14.2426 21.121 -15.7574 -15.5434 20.148 -17.7038
3 16 -20 24 -10 -12.2962 21.772 -14.4566 -14.2426 21.121 -15.7574
4 16 -20 24 -10  0 24 -10 -10 22 -14 -12.2962 21.772 -14.4566
3 16 0 24 -10 -7.7038 21.772 -14.4566 -10 22 -14
3 16 0 24 -10 -5.7574 21.121 -15.7574 -7.7038 21.772 -14.4566
3 16 0 24 -10 -4.4566 20.148 -17.7038 -5.7574 21.121 -15.7574
3 16 0 24 -10 -4.398 20 -18 -4.4566 20.148 -17.7038
3 16 20 24 -10 15.602 20 -18 15.5434 20.148 -17.7038
3 16 20 24 -10 15.5434 20.148 -17.7038 14.2426 21.121 -15.7574
3 16 20 24 -10 14.2426 21.121 -15.7574 12.2962 21.772 -14.4566
4 16 20 24 -10 12.2962 21.772 -14.4566 10 22 -14 0 24 -10
3 16 0 24 -10 10 22 -14 7.7038 21.772 -14.4566
3 16 0 24 -10 7.7038 21.772 -14.4566 5.7574 21.121 -15.7574
3 16 0 24 -10 5.7574 21.121 -15.7574 4.4566 20.148 -17.7038
3 16 0 24 -10 4.4566 20.148 -17.7038 4.398 20 -18
4 16 20 24 10 -20 24 10 -20 0 10 20 0 10
4 16 -20 24 -10 -20 4 -50 -20 0 10 -20 24 10
3 16 20 0 -50 20 4 -50 20 0 10
4 16 20 0 -50 -20 0 -50 -20 4 -50 20 4 -50
3 16 -20 0 -50  -20 0 10  -20 4 -50

0 Underside notches
3 16 15.602 20 -18 15.5434 20 -17.7038 15.5434 20.148 -17.7038
3 16 4.4566 20.148 -17.7038 4.4566 20 -17.7038 4.398 20 -18
4 16 15.5434 20.148 -17.7038 15.5434 20 -17.7038 14.2426 20 -15.7574 14.2426 21.121 -15.7574
4 16 14.2426 21.121 -15.7574 14.2426 20 -15.7574 12.2962 20 -14.4566 12.2962 21.772 -14.4566
4 16 12.2962 21.772 -14.4566 12.2962 20 -14.4566 10 20 -14 10 22 -14
4 16 10 22 -14 10 20 -14 7.7038 20 -14.4566 7.7038 21.772 -14.4566
4 16 7.7038 21.772 -14.4566 7.7038 20 -14.4566 5.7574 20 -15.7574 5.7574 21.121 -15.7574
4 16 5.7574 21.121 -15.7574 5.7574 20 -15.7574 4.4566 20 -17.7038 4.4566 20.148 -17.7038
4 16 15.602 20 -18 4.398 20 -18 4.4566 20 -17.7038 15.5434 20 -17.7038
4 16 15.5434 20 -17.7038 4.4566 20 -17.7038 5.7574 20 -15.7574 14.2426 20 -15.7574
4 16 5.7574 20 -15.7574 7.7038 20 -14.4566 12.2962 20 -14.4566 14.2426 20 -15.7574
3 16 10 20 -14 12.2962 20 -14.4566 7.7038 20 -14.4566
2 24 15.602 20 -18 4.398 20 -18
2 24 15.602 20 -18 15.5434 20.148 -17.7038
2 24 4.4566 20.148 -17.7038 4.398 20 -18
2 24 15.5434 20.148 -17.7038 14.2426 21.121 -15.7574
2 24 14.2426 21.121 -15.7574 12.2962 21.772 -14.4566
2 24 12.2962 21.772 -14.4566 10 22 -14
2 24 10 22 -14 7.7038 21.772 -14.4566
2 24 7.7038 21.772 -14.4566 5.7574 21.121 -15.7574
2 24 5.7574 21.121 -15.7574 4.4566 20.148 -17.7038
2 24 15.602 20 -18 15.5434 20 -17.7038
2 24 4.4566 20 -17.7038 4.398 20 -18
2 24 15.5434 20 -17.7038 14.2426 20 -15.7574
2 24 5.7574 20 -15.7574 4.4566 20 -17.7038
2 24 5.7574 20 -15.7574 7.7038 20 -14.4566
2 24 12.2962 20 -14.4566 14.2426 20 -15.7574
2 24 10 20 -14 12.2962 20 -14.4566
2 24 10 20 -14 7.7038 20 -14.4566
5 24 15.5434 20 -17.7038 15.5434 20.148 -17.7038 14.2426 20 -15.7574 16 20 -20
5 24 14.2426 20 -15.7574 14.2426 21.121 -15.7574 12.2962 20 -14.4566 15.5434 20 -17.7038
5 24 12.2962 20 -14.4566 12.2962 21.772 -14.4566 10 20 -14 14.2426 20 -15.7574
5 24 10 20 -14 10 22 -14 7.7038 20 -14.4566 12.2962 20 -14.4566
5 24 7.7038 20 -14.4566 7.7038 21.772 -14.4566 5.7574 20 -15.7574 10 20 -14
5 24 5.7574 20 -15.7574 5.7574 21.121 -15.7574 4.4566 20 -17.7038 7.7038 20 -14.4566
5 24 4.4566 20 -17.7038 4.4566 20.148 -17.7038 4 20 -20 5.7574 20 -15.7574
3 16 -4.398 20 -18 -4.4566 20 -17.7038 -4.4566 20.148 -17.7038
3 16 -15.5434 20.148 -17.7038 -15.5434 20 -17.7038 -15.602 20 -18
4 16 -4.4566 20.148 -17.7038 -4.4566 20 -17.7038 -5.7574 20 -15.7574 -5.7574 21.121 -15.7574
4 16 -5.7574 21.121 -15.7574 -5.7574 20 -15.7574 -7.7038 20 -14.4566 -7.7038 21.772 -14.4566
4 16 -7.7038 21.772 -14.4566 -7.7038 20 -14.4566 -10 20 -14 -10 22 -14
4 16 -10 22 -14 -10 20 -14 -12.2962 20 -14.4566 -12.2962 21.772 -14.4566
4 16 -12.2962 21.772 -14.4566 -12.2962 20 -14.4566 -14.2426 20 -15.7574 -14.2426 21.121 -15.7574
4 16 -14.2426 21.121 -15.7574 -14.2426 20 -15.7574 -15.5434 20 -17.7038 -15.5434 20.148 -17.7038
4 16 -4.398 20 -18 -15.602 20 -18 -15.5434 20 -17.7038 -4.4566 20 -17.7038
4 16 -4.4566 20 -17.7038 -15.5434 20 -17.7038 -14.2426 20 -15.7574 -5.7574 20 -15.7574
4 16 -14.2426 20 -15.7574 -12.2962 20 -14.4566 -7.7038 20 -14.4566 -5.7574 20 -15.7574
3 16 -10 20 -14 -7.7038 20 -14.4566 -12.2962 20 -14.4566
2 24 -4.398 20 -18 -15.602 20 -18
2 24 -4.398 20 -18 -4.4566 20.148 -17.7038
2 24 -15.5434 20.148 -17.7038 -15.602 20 -18
2 24 -4.4566 20.148 -17.7038 -5.7574 21.121 -15.7574
2 24 -5.7574 21.121 -15.7574 -7.7038 21.772 -14.4566
2 24 -7.7038 21.772 -14.4566 -10 22 -14
2 24 -10 22 -14 -12.2962 21.772 -14.4566
2 24 -12.2962 21.772 -14.4566 -14.2426 21.121 -15.7574
2 24 -14.2426 21.121 -15.7574 -15.5434 20.148 -17.7038
2 24 -4.398 20 -18 -4.4566 20 -17.7038
2 24 -15.5434 20 -17.7038 -15.602 20 -18
2 24 -4.4566 20 -17.7038 -5.7574 20 -15.7574
2 24 -14.2426 20 -15.7574 -15.5434 20 -17.7038
2 24 -14.2426 20 -15.7574 -12.2962 20 -14.4566
2 24 -7.7038 20 -14.4566 -5.7574 20 -15.7574
2 24 -10 20 -14 -7.7038 20 -14.4566
2 24 -10 20 -14 -12.2962 20 -14.4566
5 24 -4.4566 20 -17.7038 -4.4566 20.148 -17.7038 -5.7574 20 -15.7574 -4 20 -20
5 24 -5.7574 20 -15.7574 -5.7574 21.121 -15.7574 -7.7038 20 -14.4566 -4.4566 20 -17.7038
5 24 -7.7038 20 -14.4566 -7.7038 21.772 -14.4566 -10 20 -14 -5.7574 20 -15.7574
5 24 -10 20 -14 -10 22 -14 -12.2962 20 -14.4566 -7.7038 20 -14.4566
5 24 -12.2962 20 -14.4566 -12.2962 21.772 -14.4566 -14.2426 20 -15.7574 -10 20 -14
5 24 -14.2426 20 -15.7574 -14.2426 21.121 -15.7574 -15.5434 20 -17.7038 -12.2962 20 -14.4566
5 24 -15.5434 20 -17.7038 -15.5434 20.148 -17.7038 -16 20 -20 -14.2426 20 -15.7574
0
