1 16 156 4 96 4 0 0 0 1 0 0 0 4 1-4edge.dat
2 24 156 4 100 -156 4 100
1 16 -156 4 96 -4 0 0 0 1 0 0 0 4 1-4edge.dat
2 24 -160 4 96 -160 4 -96
1 16 -156 4 -96 -4 0 0 0 1 0 0 0 -4 1-4edge.dat
2 24 -156 4 -100 156 4 -100
1 16 156 4 -96 4 0 0 0 1 0 0 0 -4 1-4edge.dat
2 24 160 4 -96 160 4 96
1 16 156 0 96 4 0 0 0 1 0 0 0 4 1-4edge.dat
2 24 156 0 100 -156 0 100
1 16 -156 0 96 -4 0 0 0 1 0 0 0 4 1-4edge.dat
2 24 -160 0 96 -160 0 -96
1 16 -156 0 -96 -4 0 0 0 1 0 0 0 -4 1-4edge.dat
2 24 -156 0 -100 156 0 -100
1 16 156 0 -96 4 0 0 0 1 0 0 0 -4 1-4edge.dat
2 24 160 0 -96 160 0 96
1 16 156 4 96 4 0 0 0 -1 0 0 0 4 1-4disc.dat
4 16 -156 4 96 -156 4 100 156 4 100 156 4 96
1 16 -156 4 96 -4 0 0 0 -1 0 0 0 4 1-4disc.dat
4 16 -156 4 -96 -160 4 -96 -160 4 96 -156 4 96
1 16 -156 4 -96 -4 0 0 0 -1 0 0 0 -4 1-4disc.dat
4 16 156 4 -96 156 4 -100 -156 4 -100 -156 4 -96
1 16 156 4 -96 4 0 0 0 -1 0 0 0 -4 1-4disc.dat
4 16 156 4 96 160 4 96 160 4 -96 156 4 -96
4 16 156 4 -96 -156 4 -96 -156 4 96 156 4 96
1 16 156 0 96 4 0 0 0 1 0 0 0 4 1-4disc.dat
4 16 156 0 96 156 0 100 -156 0 100 -156 0 96
1 16 -156 0 96 -4 0 0 0 1 0 0 0 4 1-4disc.dat
4 16 -156 0 96 -160 0 96 -160 0 -96 -156 0 -96
1 16 -156 0 -96 -4 0 0 0 1 0 0 0 -4 1-4disc.dat
4 16 -156 0 -96 -156 0 -100 156 0 -100 156 0 -96
1 16 156 0 -96 4 0 0 0 1 0 0 0 -4 1-4disc.dat
4 16 156 0 -96 160 0 -96 160 0 96 156 0 96
4 16 156 0 96 -156 0 96 -156 0 -96 156 0 -96
1 16 156 0 96 4 0 0 0 4 0 0 0 4 1-4cyli.dat
4 16 -156 4 100 -156 0 100 156 0 100 156 4 100
1 16 -156 0 96 -4 0 0 0 4 0 0 0 4 1-4cyli.dat
4 16 -160 4 -96 -160 0 -96 -160 0 96 -160 4 96
1 16 -156 0 -96 -4 0 0 0 4 0 0 0 -4 1-4cyli.dat
4 16 156 4 -100 156 0 -100 -156 0 -100 -156 4 -100
1 16 156 0 -96 4 0 0 0 4 0 0 0 -4 1-4cyli.dat
4 16 160 4 96 160 0 96 160 0 -96 160 4 -96
0
