0 Slope Brick 33  3 x  1 Inverted Simplified
0 Author: James Jessiman

0 BFC CERTIFY CCW

 2 24 10 0 -50 10 4 -50
 2 24 10 4 -50 10 24 -10
 2 24 10 0 10 10 24 10
 2 24 -10 0 -50 -10 4 -50
 2 24 -10 4 -50 -10 24 -10
 2 24 -10 0 10 -10 24 10

 2 24 10 4 -50 -10 4 -50

 4 16 10 24 -10 10 24 10 10 0 10 10 4 -50
 4 16 10 24 -10 10 4 -50 -10 4 -50 -10 24 -10
 4 16 10 24 10 -10 24 10 -10 0 10 10 0 10
 4 16 -10 24 -10 -10 4 -50 -10 0 10 -10 24 10
 3 16 10 0 -50 10 4 -50 10 0 10
 4 16 10 0 -50 -10 0 -50 -10 4 -50 10 4 -50
 3 16 -10 0 -50 -10 0 10 -10 4 -50

1 16  0 0 -20  10 0 0  0 1 0  0 0 30 rect.dat
1 16  0 24 0  10 0 0  0 -1 0  0 0 10 rect.dat
0
