0 Slope Brick 75  2 x  1 x  3 Simplified
0 Author: James Jessiman
0 BFC CERTIFY CCW

 2 24  10 68 -30 -10 68 -30
 2 24  10  0 -10  10 68 -30
 2 24  10 68 -30  10 72 -30
 2 24  10  0  10  10 72  10
 2 24 -10  0 -10 -10 68 -30
 2 24 -10 68 -30 -10 72 -30
 2 24 -10  0  10 -10 72  10
 4 16  10 72 -30  10 72  10  10  0  10  10  0 -10
 4 16  10 72 -30  10 68 -30 -10 68 -30 -10 72 -30
 4 16  10 72  10 -10 72  10 -10  0  10  10  0  10
 4 16 -10 72 -30 -10  0 -10 -10  0  10 -10 72  10
 3 16  10 72 -30  10 0 -10  10 68 -30
 3 16 -10 72 -30 -10 68 -30 -10 0 -10
 4 16 10  0 -10 -10  0 -10 -10 68 -30 10 68 -30
1 16  0 0 0  10 0 0  0 1 0  0 0 10  rect.dat
1 16  0 72 -10  10 0 0  0 -1 0  0 0 20  rect.dat
0
