0 Panel  1 x  2 x  2 Simplified
0 Author: James Jessiman

0 BFC NOCERTIFY

2 24 20 0 10 20 48 10
2 24 -20 0 10 -20 48 10
4 16 -20 40 6 -20 48 10 -20 48 -10 -20 40 -10
4 16 -20 48 10 -20 40 6 -20 4 6 -20 0 10
4 16 -20 0 10 -20 4 6 -20 4 -10 -20 0 -10
4 16 20 48 -10 20 48 10 20 40 6 20 40 -10
4 16 20 4 6 20 40 6 20 48 10 20 0 10
4 16 20 4 -10 20 4 6 20 0 10 20 0 -10
1 16 0 22 -10 20 0 0 0 0 -18 0 16 0 box3u2p.dat
1 16 0 2 0 20 0 0 0 0 -2 0 -10 0 box2-5.dat
1 16 0 44 -10 -20 0 0 0 0 4 0 1 0 rect3.dat
1 16  0 48 0  20 0 0  0 -1 0  0 0 10  rect.dat
4 16 -20 0 10 -20 48 10 20 48 10 20 0 10
0
