0 Baseplate 32 x 32 Road 9-Stud T-Junction Runway (needs work)
0 Name: 608p33.dat
0 Author: Leonardo Zide

 4 16 -316 0 320 -133 0 320 -133 0 -320 -316 0 -320
 4 15 -117 0 320 -117 0 -320 -133 0 -320 -133 0 320
 4 7 -117 0 320 -6 0 320 -6 0 -320 -117 0 -320
 4 15 6 0 320 6 0 -320 -6 0 -320 -6 0 320
 4 7 117 0 320 6 0 320 6 0 -320 117 0 -320
 4 15 133 0 320 133 0 -320 117 0 -320 117 0 320
 4 16 316 0 320 133 0 320 133 0 133 316 0 133
 4 15 320 0 133 320 0 117 133 0 117 133 0 133
 4 7 320 0 117 320 0 6 133 0 6 133 0 117
 4 15 320 0 6 133 0 6 133 0 -6 320 0 -6
 4 7 320 0 -6 320 0 -117 133 0 -117 133 0 -6
 4 15 320 0 -133 320 0 -117 133 0 -117 133 0 -133
 4 16 316 0 -320 133 0 -320 133 0 -133 316 0 -133

 1 16 316 4 316 4 0 0 0 0 0 0 0 4 1-4edge.dat
 2 24 316 4 320 -316 4 320
 1 16 -316 4 316 -4 0 0 0 0 0 0 0 4 1-4edge.dat
 2 24 -320 4 316 -320 4 -316
 1 16 -316 4 -316 -4 0 0 0 0 0 0 0 -4 1-4edge.dat
 2 24 -316 4 -320 316 4 -320
 1 16 316 4 -316 4 0 0 0 0 0 0 0 -4 1-4edge.dat
 2 24 320 4 -316 320 4 316
 1 16 316 0 316 4 0 0 0 0 0 0 0 4 1-4edge.dat
 2 24 316 0 320 -316 0 320
 1 16 -316 0 316 -4 0 0 0 0 0 0 0 4 1-4edge.dat
 2 24 -320 0 316 -320 0 -316
 1 16 -316 0 -316 -4 0 0 0 0 0 0 0 -4 1-4edge.dat
 2 24 -316 0 -320 316 0 -320
 1 16 316 0 -316 4 0 0 0 0 0 0 0 -4 1-4edge.dat
 2 24 320 0 -316 320 0 316
 1 16 316 4 316 4 0 0 0 0 0 0 0 4 1-4disc.dat
 4 16 316 4 316 316 4 320 -316 4 320 -316 4 316
 1 16 -316 4 316 -4 0 0 0 0 0 0 0 4 1-4disc.dat
 4 16 -316 4 316 -320 4 316 -320 4 -316 -316 4 -316
 1 16 -316 4 -316 -4 0 0 0 0 0 0 0 -4 1-4disc.dat
 4 16 -316 4 -316 -316 4 -320 316 4 -320 316 4 -316
 1 16 316 4 -316 4 0 0 0 0 0 0 0 -4 1-4disc.dat
 4 16 316 4 -316 320 4 -316 320 4 316 316 4 316
 4 16 316 4 316 -316 4 316 -316 4 -316 316 4 -316
 1 16 316 0 316 4 0 0 0 0 0 0 0 4 1-4disc.dat
 1 16 -316 0 316 -4 0 0 0 0 0 0 0 4 1-4disc.dat
 4 16 -316 0 316 -320 0 316 -320 0 -316 -316 0 -316
 1 16 -316 0 -316 -4 0 0 0 0 0 0 0 -4 1-4disc.dat
 1 16 316 0 -316 4 0 0 0 0 0 0 0 -4 1-4disc.dat
 4 16 316 0 -316 320 0 -316 320 0 316 316 0 316
 1 16 316 0 316 4 0 0 0 4 0 0 0 4 1-4cyli.dat
 4 16 316 4 320 316 0 320 -316 0 320 -316 4 320
 1 16 -316 0 316 -4 0 0 0 4 0 0 0 4 1-4cyli.dat
 4 16 -320 4 316 -320 0 316 -320 0 -316 -320 4 -316
 1 16 -316 0 -316 -4 0 0 0 4 0 0 0 -4 1-4cyli.dat
 4 16 -316 4 -320 -316 0 -320 316 0 -320 316 4 -320
 1 16 316 0 -316 4 0 0 0 4 0 0 0 -4 1-4cyli.dat
 4 16 320 4 -316 320 0 -316 320 0 316 320 4 316
0
