0 Window  1 x  4 x  4 Simplified
0 Author: Leonardo Zide

0 BFC NOCERTIFY

1 16  0 96 0  40 0 0  0 -1 0  0 0 10  rect.dat

 2 24  36 88 10 -36 88 10
 2 24 -36 88 10 -36 88 -6
 2 24 -36 88 -6  36 88 -6
 2 24  36 88 -6  36 88 10

 2 24  32 84 -6 -32 84 -6
 2 24 -32 84 -6 -32 84 -10
 2 24 -32 84 -10 32 84 -10
 2 24  32 84 -10 32 84 -6

 2 24  32 8 -6 -32 8 -6
 2 24 -32 8 -6 -32 8 -10
 2 24 -32 8 -10 32 8 -10
 2 24  32 8 -10 32 8 -6

 2 24 36 4 10 -36 4 10
 2 24 -36 4 10 -36 4 -6
 2 24 -36 4 -6 36 4 -6
 2 24 36 4 -6 36 4 10

 2 24 40 0 10 -40 0 10
 2 24 -40 0 10 -40 0 -10
 2 24 -40 0 -10 40 0 -10
 2 24 40 0 -10 40 0 10

 2 24  32 8  -6  32 84 -6
 2 24 -32 8  -6 -32 84 -6
 2 24  32 8 -10  32 84 -10
 2 24 -32 8 -10 -32 84 -10

 2 24  36 4 10  36 88 10
 2 24 -36 4 10 -36 88 10
 2 24  36 4 -6  36 88 -6
 2 24 -36 4 -6 -36 88 -6

 2 24  40 0  10  40 96 10
 2 24 -40 0  10 -40 96 10
 2 24  40 0 -10  40 96 -10
 2 24 -40 0 -10 -40 96 -10

 4 16  32  8 -6 -32  8 -6 -32 8  -10  32 8 -10
 4 16 -32  8 -6 -32 84 -6 -32 84 -10 -32 8 -10
 4 16 -32 84 -6  32 84 -6  32 84 -10 -32 84 -10
 4 16  32 84 -6  32  8 -6  32 8  -10  32 84 -10

 4 16  36  4 -6 -36  4 -6 -36  8 -6  36 8 -6
 4 16 -36  8 -6 -36 84 -6 -32 84 -6 -32 8 -6
 4 16  36 88 -6 -36 88 -6 -36 84 -6  36 84 -6
 4 16  36  8 -6  36 84 -6  32 84 -6  32 8 -6

 4 16  36  4 10 -36  4 10 -36  4 -6  36 4 -6
 4 16 -36  4 10 -36 88 10 -36 88 -6 -36 4 -6
 4 16 -36 88 10  36 88 10  36 88 -6 -36 88 -6
 4 16  36 88 10  36  4 10  36  4 -6  36 88 -6

 4 16  40  0 10 -40  0 10 -40  4 10  40  4 10
 4 16 -40  4 10 -40 88 10 -36 88 10 -36  4 10
 4 16 -40 88 10  40 88 10  40 96 10 -40 96 10
 4 16  40  4 10  40 88 10  36 88 10  36  4 10

 4 16  40  0 -10 -40  0 -10 -40  8 -10  40  8 -10
 4 16 -40  8 -10 -40 84 -10 -32 84 -10 -32  8 -10
 4 16 -40 84 -10  40 84 -10  40 96 -10 -40 96 -10
 4 16  40  8 -10  40 84 -10  32 84 -10  32  8 -10

 4 16  40 0 10 -40  0 10 -40  0 -10  40 0 -10
 4 16 -40 0 10 -40 96 10 -40 96 -10 -40 0 -10
 4 16 40 96 10 40 0 10 40 0 -10 40 96 -10
0

