0 Arch  1 x  4 x  2 Simplified
0 Author: James Jessiman

0 BFC CERTIFY CCW

1 16  30 48 0  10 0 0  0 -1 0  0 0 10  rect.dat
1 16  -30 48 0  10 0 0  0 -1 0  0 0 10  rect.dat
2 24 40 0 10 -40 0 10
2 24 -40 0 10 -40 0 -10
2 24 -40 0 -10 40 0 -10
2 24 40 0 -10 40 0 10
2 24 40 0 10 40 48 10
2 24 -40 0 10 -40 48 10
2 24 -40 0 -10 -40 48 -10
2 24 40 0 -10 40 48 -10
2 24 20 24 6 20 4 6
2 24 -20 24 6 -20 4 6
2 24 20 24 -6 20 4 -6
2 24 -20 24 -6 -20 4 -6
2 24 20 48 10 20 24 10
2 24 -20 48 10 -20 24 10
2 24 20 48 -10 20 24 -10
2 24 -20 48 -10 -20 24 -10
1 16 0 4 0 20 0 0 0 -1 0 0 0 6 rect.dat
1 16 0 24 10 20 0 0 0 0 -16 0 1 0 2-4edge.dat
1 16 0 24 6 20 0 0 0 0 -16 0 1 0 2-4edge.dat
1 16 0 24 -6 20 0 0 0 0 -16 0 1 0 2-4edge.dat
1 16 0 24 -10 20 0 0 0 0 -16 0 1 0 2-4edge.dat
1 16 0 24 10 20 0 0 0 0 -16 0 -1 0 2-4ndis.dat
1 16 0 24 6 20 0 0 0 0 -16 0 1 0 2-4ndis.dat
1 16 0 24 -6 20 0 0 0 0 -16 0 -1 0 2-4ndis.dat
1 16 0 24 -10 20 0 0 0 0 -16 0 1 0 2-4ndis.dat
0 BFC INVERTNEXT
1 16 0 24 10 20 0 0 0 0 -16 0 -4 0 2-4cyli.dat
0 BFC INVERTNEXT
1 16 0 24 -10 20 0 0 0 0 -16 0 4 0 2-4cyli.dat
4 16 -20 48 10 -20 24 10 -20 24 -10 -20 48 -10
4 16 20 48 -10 20 24 -10 20 24 10 20 48 10
4 16 -20 24 6 -20 4 6 -20 4 -6 -20 24 -6
4 16 20 24 -6 20 4 -6 20 4 6 20 24 6
4 16 20 8 6 20 4 6 -20 4 6 -20 8 6
4 16 -20 8 -6 -20 4 -6 20 4 -6 20 8 -6
4 16 -40 0 10 -20 8 10 -20 48 10 -40 48 10
4 16 40 0 10 40 48 10 20 48 10 20 8 10
4 16 -40 0 -10 -40 48 -10 -20 48 -10 -20 8 -10
4 16 40 0 -10 20 8 -10 20 48 -10 40 48 -10
4 16 40 0 10 20 8 10 -20 8 10 -40 0 10
4 16 -40 0 -10 -20 8 -10 20 8 -10 40 0 -10
4 16 -40 0 10 -40 48 10 -40 48 -10 -40 0 -10
4 16 40 0 -10 40 48 -10 40 48 10 40 0 10
4 16 40 0 10 -40 0 10 -40 0 -10 40 0 -10
0
