0 Brick  2 x  4 x  2 with Curved Top Simplified

0 BFC NOCERTIFY

2 24 40 48 -20 40 44 -20 
2 24 -40 48 -20 -40 44 -20 
2 24 40 48 20 40 44 20 
2 24 -40 48 20 -40 44 20 
4 16 40 48 -20 40 48 20 40 44 20 40 44 -20 
4 16 -40 48 -20 -40 48 20 -40 44 20 -40 44 -20 
2 24 20 24 -20 20 24 20 
2 24 -20 24 -20 -20 24 20 
1 16 20 44 -20 20 0 0 0 0 -20 0 0 0 1-4edge.dat
1 16 -20 44 -20 -20 0 0 0 0 -20 0 0 0 1-4edge.dat
1 16 20 44 20 20 0 0 0 0 -20 0 0 0 1-4edge.dat
1 16 -20 44 20 -20 0 0 0 0 -20 0 0 0 1-4edge.dat
1 16 20 44 -20 20 0 0 0 0 -20 0 40 0 1-4cyli.dat
1 16 -20 44 -20 -20 0 0 0 0 -20 0 40 0 1-4cyli.dat
1 16 20 44 20 20 0 0 0 0 -20 0 0 0 1-4disc.dat
1 16 -20 44 20 -20 0 0 0 0 -20 0 0 0 1-4disc.dat
1 16 20 44 -20 20 0 0 0 0 -20 0 0 0 1-4disc.dat
1 16 -20 44 -20 -20 0 0 0 0 -20 0 0 0 1-4disc.dat
4 16 -20 24 20 20 24 20 20 44 20 -20 44 20 
4 16 -20 24 -20 20 24 -20 20 44 -20 -20 44 -20 
2 24 -20 24 20 -20 20 20
2 24 -20 24 -20 -20 20 -20
2 24 20 24 20 20 20 20
2 24 20 24 -20 20 20 -20
4 16 -20 24 20 20 24 20 20 20 20 -20 20 20
4 16 -20 24 -20 20 24 -20 20 20 -20 -20 20 -20 
1 16 0 20 20 20 0 0 0 0 -20 0 0 0 2-4edge.dat
1 16 0 20 -20 20 0 0 0 0 -20 0 0 0 2-4edge.dat
1 16 0 20 16 16 0 0 0 0 -16 0 0 0 2-4edge.dat
1 16 0 20 -16 16 0 0 0 0 -16 0 0 0 2-4edge.dat
1 16 0 20 20 20 0 0 0 0 -20 0 0 0 2-4disc.dat
1 16 0 20 -20 20 0 0 0 0 -20 0 0 0 2-4disc.dat
4 16 -40 48 20 40 48 20 40 44 20 -40 44 20 
4 16 -40 48 -20 40 48 -20 40 44 -20 -40 44 -20 
1 16 0 20 -20 20 0 0 0 0 -20 0 40 0 2-4cyli.dat
1 16 0 20 -16 16 0 0 0 0 -16 0 32 0 2-4cyli.dat
4 16 20 24 -20 20 20 -20 20 20 20 20 24 20 
4 16 -20 24 -20 -20 20 -20 -20 20 20 -20 24 20 
1 16  0 48 0  40 0 0  0 -1 0  0 0 20  rect.dat
0
