0 Baseplate 16 x 24 with Set 080 Large White House Studs (Simplified)
 1 16 236 4 156 4 0 0 0 0 0 0 0 4 1-4edge.dat
 2 24 236 4 160 -236 4 160
 1 16 -236 4 156 -4 0 0 0 0 0 0 0 4 1-4edge.dat
 2 24 -240 4 156 -240 4 -156
 1 16 -236 4 -156 -4 0 0 0 0 0 0 0 -4 1-4edge.dat
 2 24 -236 4 -160 236 4 -160
 1 16 236 4 -156 4 0 0 0 0 0 0 0 -4 1-4edge.dat
 2 24 240 4 -156 240 4 156

 1 16 236 0 156 4 0 0 0 0 0 0 0 4 1-4edge.dat
 2 24 236 0 160 -236 0 160
 1 16 -236 0 156 -4 0 0 0 0 0 0 0 4 1-4edge.dat
 2 24 -240 0 156 -240 0 -156
 1 16 -236 0 -156 -4 0 0 0 0 0 0 0 -4 1-4edge.dat
 2 24 -236 0 -160 236 0 -160
 1 16 236 0 -156 4 0 0 0 0 0 0 0 -4 1-4edge.dat
 2 24 240 0 -156 240 0 156

 1 16 236 4 156 4 0 0 0 0 0 0 0 4 1-4disc.dat
 4 16 236 4 156 236 4 160 -236 4 160 -236 4 156
 1 16 -236 4 156 -4 0 0 0 0 0 0 0 4 1-4disc.dat
 4 16 -236 4 156 -240 4 156 -240 4 -156 -236 4 -156
 1 16 -236 4 -156 -4 0 0 0 0 0 0 0 -4 1-4disc.dat
 4 16 -236 4 -156 -236 4 -160 236 4 -160 236 4 -156
 1 16 236 4 -156 4 0 0 0 0 0 0 0 -4 1-4disc.dat
 4 16 236 4 -156 240 4 -156 240 4 156 236 4 156
 4 16 236 4 156 -236 4 156 -236 4 -156 236 4 -156

 1 16 236 0 156 4 0 0 0 0 0 0 0 4 1-4disc.dat
 4 16 236 0 156 236 0 160 -236 0 160 -236 0 156
 1 16 -236 0 156 -4 0 0 0 0 0 0 0 4 1-4disc.dat
 4 16 -236 0 156 -240 0 156 -240 0 -156 -236 0 -156
 1 16 -236 0 -156 -4 0 0 0 0 0 0 0 -4 1-4disc.dat
 4 16 -236 0 -156 -236 0 -160 236 0 -160 236 0 -156
 1 16 236 0 -156 4 0 0 0 0 0 0 0 -4 1-4disc.dat
 4 16 236 0 -156 240 0 -156 240 0 156 236 0 156
 4 16 236 0 156 -236 0 156 -236 0 -156 236 0 -156

 1 16 236 0 156 4 0 0 0 4 0 0 0 4 1-4cyli.dat
 4 16 236 4 160 236 0 160 -236 0 160 -236 4 160
 1 16 -236 0 156 -4 0 0 0 4 0 0 0 4 1-4cyli.dat
 4 16 -240 4 156 -240 0 156 -240 0 -156 -240 4 -156
 1 16 -236 0 -156 -4 0 0 0 4 0 0 0 -4 1-4cyli.dat
 4 16 -236 4 -160 -236 0 -160 236 0 -160 236 4 -160
 1 16 236 0 -156 4 0 0 0 4 0 0 0 -4 1-4cyli.dat
 4 16 240 4 -156 240 0 -156 240 0 156 240 4 156
0
