0 BFC CERTIFY CCW
1 16 176 4 156 4 0 0 0 1 0 0 0 4 1-4edge.dat
2 24 176 4 160 -176 4 160
1 16 -176 4 156 -4 0 0 0 1 0 0 0 4 1-4edge.dat
2 24 -180 4 156 -180 4 -156
1 16 -176 4 -156 -4 0 0 0 1 0 0 0 -4 1-4edge.dat
2 24 -176 4 -160 176 4 -160
1 16 176 4 -156 4 0 0 0 1 0 0 0 -4 1-4edge.dat
2 24 180 4 -156 180 4 156
1 16 176 0 156 4 0 0 0 1 0 0 0 4 1-4edge.dat
2 24 176 0 160 -176 0 160
1 16 -176 0 156 -4 0 0 0 1 0 0 0 4 1-4edge.dat
2 24 -180 0 156 -180 0 -156
1 16 -176 0 -156 -4 0 0 0 1 0 0 0 -4 1-4edge.dat
2 24 -176 0 -160 176 0 -160
1 16 176 0 -156 4 0 0 0 1 0 0 0 -4 1-4edge.dat
2 24 180 0 -156 180 0 156
1 16 176 4 156 4 0 0 0 -1 0 0 0 4 1-4disc.dat
4 16 -176 4 156 -176 4 160 176 4 160 176 4 156
1 16 -176 4 156 -4 0 0 0 -1 0 0 0 4 1-4disc.dat
4 16 -176 4 -156 -180 4 -156 -180 4 156 -176 4 156
1 16 -176 4 -156 -4 0 0 0 -1 0 0 0 -4 1-4disc.dat
4 16 176 4 -156 176 4 -160 -176 4 -160 -176 4 -156
1 16 176 4 -156 4 0 0 0 -1 0 0 0 -4 1-4disc.dat
4 16 176 4 156 180 4 156 180 4 -156 176 4 -156
4 16 176 4 -156 -176 4 -156 -176 4 156 176 4 156
1 16 176 0 156 4 0 0 0 1 0 0 0 4 1-4disc.dat
4 16 176 0 156 176 0 160 -176 0 160 -176 0 156
1 16 -176 0 156 -4 0 0 0 1 0 0 0 4 1-4disc.dat
4 16 -176 0 156 -180 0 156 -180 0 -156 -176 0 -156
1 16 -176 0 -156 -4 0 0 0 1 0 0 0 -4 1-4disc.dat
4 16 -176 0 -156 -176 0 -160 176 0 -160 176 0 -156
1 16 176 0 -156 4 0 0 0 1 0 0 0 -4 1-4disc.dat
4 16 176 0 -156 180 0 -156 180 0 156 176 0 156
4 16 176 0 156 -176 0 156 -176 0 -156 176 0 -156
1 16 176 0 156 4 0 0 0 4 0 0 0 4 1-4cyli.dat
4 16 -176 4 160 -176 0 160 176 0 160 176 4 160
1 16 -176 0 156 -4 0 0 0 4 0 0 0 4 1-4cyli.dat
4 16 -180 4 -156 -180 0 -156 -180 0 156 -180 4 156
1 16 -176 0 -156 -4 0 0 0 4 0 0 0 -4 1-4cyli.dat
4 16 176 4 -160 176 0 -160 -176 0 -160 -176 4 -160
1 16 176 0 -156 4 0 0 0 4 0 0 0 -4 1-4cyli.dat
4 16 180 4 156 180 0 156 180 0 -156 180 4 -156
0
