0 BFC CERTIFY CCW
1 16 216 4 156 4 0 0 0 1 0 0 0 4 1-4edge.dat
2 24 216 4 160 -216 4 160
1 16 -216 4 156 -4 0 0 0 1 0 0 0 4 1-4edge.dat
2 24 -220 4 156 -220 4 -156
1 16 -216 4 -156 -4 0 0 0 1 0 0 0 -4 1-4edge.dat
2 24 -216 4 -160 216 4 -160
1 16 216 4 -156 4 0 0 0 1 0 0 0 -4 1-4edge.dat
2 24 220 4 -156 220 4 156

1 16 216 0 156 4 0 0 0 1 0 0 0 4 1-4edge.dat
2 24 216 0 160 -216 0 160
1 16 -216 0 156 -4 0 0 0 1 0 0 0 4 1-4edge.dat
2 24 -220 0 156 -220 0 -156
1 16 -216 0 -156 -4 0 0 0 1 0 0 0 -4 1-4edge.dat
2 24 -216 0 -160 216 0 -160
1 16 216 0 -156 4 0 0 0 1 0 0 0 -4 1-4edge.dat
2 24 220 0 -156 220 0 156

1 16 216 4 156 4 0 0 0 -1 0 0 0 4 1-4disc.dat
4 16 -216 4 156 -216 4 160 216 4 160 216 4 156
1 16 -216 4 156 -4 0 0 0 -1 0 0 0 4 1-4disc.dat
4 16 -216 4 -156 -220 4 -156 -220 4 156 -216 4 156
1 16 -216 4 -156 -4 0 0 0 -1 0 0 0 -4 1-4disc.dat
4 16 216 4 -156 216 4 -160 -216 4 -160 -216 4 -156
1 16 216 4 -156 4 0 0 0 -1 0 0 0 -4 1-4disc.dat
4 16 216 4 156 220 4 156 220 4 -156 216 4 -156
4 16 216 4 -156 -216 4 -156 -216 4 156 216 4 156

1 16 216 0 156 4 0 0 0 1 0 0 0 4 1-4disc.dat
4 16 216 0 156 216 0 160 -216 0 160 -216 0 156
1 16 -216 0 156 -4 0 0 0 1 0 0 0 4 1-4disc.dat
4 16 -216 0 156 -220 0 156 -220 0 -156 -216 0 -156
1 16 -216 0 -156 -4 0 0 0 1 0 0 0 -4 1-4disc.dat
4 16 -216 0 -156 -216 0 -160 216 0 -160 216 0 -156
1 16 216 0 -156 4 0 0 0 1 0 0 0 -4 1-4disc.dat
4 16 216 0 -156 220 0 -156 220 0 156 216 0 156
4 16 216 0 156 -216 0 156 -216 0 -156 216 0 -156

1 16 216 0 156 4 0 0 0 4 0 0 0 4 1-4cyli.dat
4 16 -216 4 160 -216 0 160 216 0 160 216 4 160
1 16 -216 0 156 -4 0 0 0 4 0 0 0 4 1-4cyli.dat
4 16 -220 4 -156 -220 0 -156 -220 0 156 -220 4 156
1 16 -216 0 -156 -4 0 0 0 4 0 0 0 -4 1-4cyli.dat
4 16 216 4 -160 216 0 -160 -216 0 -160 -216 4 -160
1 16 216 0 -156 4 0 0 0 4 0 0 0 -4 1-4cyli.dat
4 16 220 4 156 220 0 156 220 0 -156 220 4 -156
0
