0 Slope Brick 75  2 x  1 x  3 Inverted (Simplified)
0 ROTATION CENTER 0 0 0 1 "Custom" 
0 ROTATION CONFIG 0 0
0 BFC CERTIFY CCW
4 16 10 72 -10 -10 72 -10 -10 72 10 10 72 10
2 24 10 72 10 -10 72 10
2 24 -10 72 10 -10 72 -10
2 24 -10 72 -10 10 72 -10
2 24 10 72 -10 10 72 10
2 24 10 4 -30 -10 4 -30
1 16 0 0 -10 10 0 0 0 1 0 0 0 20 rect.dat
2 24 10 72 10 10 0 10
2 24 -10 72 10 -10 0 10
2 24 10 72 -10 10 4 -30
2 24 -10 72 -10 -10 4 -30
2 24 10 4 -30 10 0 -30
2 24 -10 4 -30 -10 0 -30
4 16 10 72 10 -10 72 10 -10 0 10 10 0 10
4 16 10 72 -10 10 4 -30 -10 4 -30 -10 72 -10
4 16 10 4 -30 10 0 -30 -10 0 -30 -10 4 -30
4 16 10 72 10 10 0 10 10 4 -30 10 72 -10
3 16 10 0 10 10 0 -30 10 4 -30
4 16 -10 72 10 -10 72 -10 -10 4 -30 -10 0 10
3 16 -10 0 10 -10 4 -30 -10 0 -30
0
