0 Brick  3 x  3 Facet (Simplified)
0 BFC CERTIFY CCW
1 16 20 12 10 0 0 10 12 0 0 0 20 0 box3u2p.dat
1 16 -10 12 -20 0 -20 0 12 0 0 0 0 10 box3u2p.dat
1 16 0 12 10 0 0 -10 12 0 0 0 -1 0 rect3.dat
1 16 -10 12 0 0 1 0 0 0 12 10 0 0 rect2p.dat
2 24 -10 0 -30 30 0 10
2 24 -10 24 -30 30 24 10
4 16 10 0 10 30 0 10 30 0 30 10 0 30
4 16 30 24 30 30 24 10 10 24 10 10 24 30
4 16 -10 0 -30 -10 0 -10 -30 0 -10 -30 0 -30
4 16 -30 24 -10 -10 24 -10 -10 24 -30 -30 24 -30
3 16 -10 0 10 -10 0 -30 30 0 10
3 16 -10 24 -30 -10 24 10 30 24 10
4 16 -10 24 -30 30 24 10 30 0 10 -10 0 -30
0
