0 ROTATION CENTER 0 0 0 1 "Custom" 
0 ROTATION CONFIG 0 0
2 24 40 0 -40 80 0 0
2 24 40 24 -40 80 24 0
4 16 80 0 0 40 0 -40 40 24 -40 80 24 0
0 
2 24 -80 0 0 -40 0 -40
2 24 -80 24 0 -40 24 -40
4 16 -40 0 -40 -80 0 0 -80 24 0 -40 24 -40
4 16 -100 0 40 -100 0 0 100 0 0 100 0 40
4 16 -100 24 40 -100 24 0 100 24 0 100 24 40
4 16 -80 0 0 -40 0 -40 40 0 -40 80 0 0
4 16 -80 24 0 -40 24 -40 40 24 -40 80 24 0
1 16 0 12 -40 40 0 0 0 0 12 0 1 0 rect.dat
1 16 0 12 0 0 0 -100 12 0 0 0 40 0 box3u2p.dat
1 16 90 12 0 0 0 -10 12 0 0 0 1 0 rect3.dat
1 16 -90 12 0 0 0 10 12 0 0 0 1 0 rect3.dat
0
