0 BFC CERTIFY CCW
0 ROTATION CENTER 0 0 0 1 "Custom" 
0 ROTATION CONFIG 0 0
2 24 40 24 40 -40 24 40
2 24 -40 24 40 -40 24 -40
2 24 -40 24 -40 40 24 -40
2 24 40 24 -40 40 24 40
2 24 40 24 40 40 0 40
2 24 -40 24 40 -40 0 40
2 24 40 24 -40 40 20 -40
2 24 -40 24 -40 -40 20 -40
2 24 40 0 40 -40 0 40
2 24 40 0 -20 -40 0 -20
2 24 40 20 -40 -40 20 -40
2 24 40 0 40 40 0 -20
2 24 -40 0 40 -40 0 -20
2 24 40 20 -40 40 0 -20
2 24 -40 20 -40 -40 0 -20
4 16 -40 24 -40 -40 24 40 40 24 40 40 24 -40
4 16 40 0 40 -40 0 40 -40 0 -20 40 0 -20
4 16 40 24 40 -40 24 40 -40 0 40 40 0 40
4 16 40 24 -40 40 20 -40 -40 20 -40 -40 24 -40
4 16 40 24 40 40 0 40 40 20 -40 40 24 -40
3 16 40 0 40 40 0 -20 40 20 -40
4 16 -40 24 40 -40 24 -40 -40 20 -40 -40 0 40
3 16 -40 0 40 -40 20 -40 -40 0 -20
4 16 40 20 -40 40 0 -20 -40 0 -20 -40 20 -40
0
