0 ROTATION CENTER 0 0 0 1 "Custom" 
0 ROTATION CONFIG 0 0
2 24 10 120 -100 -10 120 -100
2 24 -10 120 -100 -10 120 20
2 24 10 120 20 -10 120 20
2 24 10 120 -100 10 120 20

2 24 -10 116 -100 10 116 -100

2 24 -10 0 -20 10 0 -20
2 24 -10 0 20 -10 0 -20
2 24 -10 0 20 10 0 20
2 24 10 0 20 10 0 -20

2 24 -10 116 -100 -10 120 -100
2 24 -10 0 20 -10 120 20
2 24 10 0 20 10 120 20
2 24 10 120 -100 10 116 -100

2 24 -10 116 -100 -10 0 -20
2 24 10 116 -100 10 0 -20

4 16 10 120 -100 -10 120 -100 -10 120 20 10 120 20

4 16 -10 116 -100 -10 120 -100 10 120 -100 10 116 -100
4 16 -10 116 20 -10 120 20 -10 120 -100 -10 116 -100
4 16 -10 0 20 -10 116 20 -10 116 -100 -10 0 -20
4 16 -10 0 20 10 0 20 10 120 20 -10 120 20
4 16 10 116 20 10 116 -100 10 120 -100 10 120 20
4 16 10 0 20 10 0 -20 10 116 -100 10 116 20
4 16 -10 116 -100 10 116 -100 10 0 -20 -10 0 -20

4 16 -10 0 0 -10 0 -20 10 0 -20 10 0 0
4 16 -10 0 0 -4 0 6 -4 0 14 -10 0 20
4 16 10 0 20 -10 0 20 -4 0 14 4 0 14
4 16 10 0 20 4 0 14 4 0 6 10 0 0
4 16 -10 0 0 10 0 0 4 0 6 -4 0 6
0
