0 Slope Brick 45  2 x  1 (Simplified)
0 BFC CERTIFY CCW
 2 24 10 24 10 -10 24 10
 2 24 -10 24 10 -10 24 -30
 2 24 -10 24 -30 10 24 -30
 2 24 10 24 -30 10 24 10

 2 24 10 24 10 10 0 10
 2 24 -10 24 10 -10 0 10
 2 24 10 24 -30 10 20 -30
 2 24 -10 24 -30 -10 20 -30
 2 24 10 0 10 -10 0 10
 2 24 10 0 -10 -10 0 -10
 2 24 10 20 -30 -10 20 -30
 2 24 10 0 10 10 0 -10
 2 24 -10 0 10 -10 0 -10
 2 24 10 20 -30 10 0 -10
 2 24 -10 20 -30 -10 0 -10

 4 16  10 24 10  10 24 -30  -10 24 -30 -10 24 10

4 16 -10 0 -10 10 0 -10 10 0 10 -10 0 10

4 16 -10 0 10 10 0 10 10 24 10 -10 24 10
 4 16 10 24 -30 10 20 -30 -10 20 -30 -10 24 -30

 4 16 10 24 10 10 0 10 10 20 -30 10 24 -30
 3 16 10 0 10 10 0 -10 10 20 -30
4 16 -10 20 -30 -10 0 10 -10 24 10 -10 24 -30
3 16 -10 0 -10 -10 0 10 -10 20 -30

 4 16 10 20 -30 10 0 -10 -10 0 -10 -10 20 -30
0

