0 ROTATION CENTER 0 0 0 1 "Custom" 
0 ROTATION CONFIG 0 0
0 BFC CERTIFY CCW
1 16 0 0 0 1 0 0 0 1 0 0 0 1 s\b\3298s01.dat

4 16 20 0 -10 -20 0 -10 -18.5 1 -12 18.5 1 -12
3 16 20 0 -10 18.5 1 -12 20 20 -50
3 16 18.5 1 -12 0 19 -48 20 20 -50
3 16 20 20 -50 0 19 -48 -20 20 -50
3 16 -18.5 1 -12 -20 20 -50 0 19 -48
3 16 -20 0 -10 -20 20 -50 -18.5 1 -12

0 4 0  18.5 1 -12  -18.5 1 -12  -17.5 1.3 -12.6  17.5 1.3 -12.6
4 0 18.5 1 -12 7.5 1 -12 8.1 1.3 -12.6 17.5 1.3 -12.6
4 0 8.1 1.3 -12.6 7.5 1 -12 0 18 -46 1.15 17 -44
3 0 0 18 -46 0 19 -48 1.15 17 -44
4 0 0 19 -48 18.5 1 -12 17.5 1.3 -12.6 1.15 17 -44
4 0 0 19 -48 -1.15 17 -44 -17.5 1.3 -12.6 -18.5 1 -12
3 0 0 18 -46 -1.15 17 -44 0 19 -48
4 0 -8.1 1.3 -12.6 -1.15 17 -44 0 18 -46 -7.5 1 -12
4 0 -18.5 1 -12 -17.5 1.3 -12.6 -8.1 1.3 -12.6 -7.5 1 -12

3 4 17.5 1.3 -12.6 8.1 1.3 -12.6 1.15 17 -44
3 4 -17.5 1.3 -12.6 -1.15 17 -44 -8.1 1.3 -12.6

3 16 7.5 1 -12 -7.5 1 -12 0 18 -46
0
