0 ROTATION CENTER 0 0 0 1 "Custom" 
0 ROTATION CONFIG 0 0
1 16 0 0 0 1 0 0 0 1 0 0 0 1 s\b\3298s01.dat

3 16 20 20 -50 20 0 -10 16 1 -12
3 16 20 20 -50 16 1 -12 10 20 -50
4 16 10 20 -50 4 1 -12 -4 1 -12 -10 20 -50
3 16 -10 20 -50 -16 1 -12 -20 0 -10
3 16 -10 20 -50 -20 0 -10 -20 20 -50
4 16 20 0 -10 -20 0 -10 -16 1 -12 16 1 -12
0 
4 14 -4 1 -12 -16 1 -12 -15.3 1.35 -12.7 -4.7 1.35 -12.7
4 14 -4 1 -12 -4.7 1.35 -12.7 -10 17 -44 -10 20 -50
4 14 -16 1 -12 -10 20 -50 -10 17 -44 -15.3 1.35 -12.7
0 
4 14 16 1 -12 4 1 -12 4.7 1.35 -12.7 15.3 1.35 -12.7
4 14 16 1 -12 15.3 1.35 -12.7 10 17 -44 10 20 -50
4 14 4 1 -12 10 20 -50 10 17 -44 4.7 1.35 -12.7
0 
3 2 -4.7 1.35 -12.7 -15.3 1.35 -12.7 -10 17 -44
0 
3 2 15.3 1.35 -12.7 4.7 1.35 -12.7 10 17 -44
0
