0 BFC CERTIFY CCW
0 ROTATION CENTER 0 0 0 1 "Custom" 
0 ROTATION CONFIG 0 0
4 16 80 48 -10 60 48 -10 60 48 10 80 48 10
4 16 -60 48 -10 -80 48 -10 -80 48 10 -60 48 10
2 24 60 48 10 80 48 10
2 24 80 48 -10 60 48 -10
2 24 60 48 -10 60 48 10
2 24 -60 48 10 -80 48 10
2 24 -80 48 -10 -60 48 -10
2 24 -60 48 -10 -60 48 10
1 16 0 4 0 60 0 0 0 -1 0 0 0 6 rect.dat
3 16 -60 8 -10 -60 48 -10 -56.29 40 -10
3 16 -60 8 -10 -56.29 40 -10 -51.571 33.037 -10
3 16 -60 8 -10 -51.571 33.037 -10 -45.962 26.746 -10
3 16 -60 8 -10 -45.962 26.746 -10 -39.572 21.222 -10
3 16 -60 8 -10 -39.572 21.222 -10 -32.5 16.576 -10
3 16 -60 8 -10 -32.5 16.576 -10 -24.876 12.87 -10
3 16 -60 8 -10 -24.876 12.87 -10 -16.822 10.182 -10
3 16 -60 8 -10 -16.822 10.182 -10 -8.483 8.55 -10
3 16 -60 8 -10 -8.483 8.55 -10 0 8 -10
3 16 60 48 -10 60 8 -10 56.29 40 -10
3 16 56.29 40 -10 60 8 -10 51.571 33.037 -10
3 16 51.571 33.037 -10 60 8 -10 45.962 26.746 -10
3 16 45.962 26.746 -10 60 8 -10 39.572 21.222 -10
3 16 39.572 21.222 -10 60 8 -10 32.5 16.576 -10
3 16 32.5 16.576 -10 60 8 -10 24.876 12.87 -10
3 16 24.876 12.87 -10 60 8 -10 16.822 10.182 -10
3 16 16.822 10.182 -10 60 8 -10 8.483 8.55 -10
3 16 0 8 -10 8.483 8.55 -10 60 8 -10
3 16 60 8 -6 60 48 -6 56.29 40 -6
3 16 60 8 -6 56.29 40 -6 51.571 33.037 -6
3 16 60 8 -6 51.571 33.037 -6 45.962 26.746 -6
3 16 60 8 -6 45.962 26.746 -6 39.572 21.222 -6
3 16 60 8 -6 39.572 21.222 -6 32.5 16.576 -6
3 16 60 8 -6 32.5 16.576 -6 24.876 12.87 -6
3 16 60 8 -6 24.876 12.87 -6 16.822 10.182 -6
3 16 60 8 -6 16.822 10.182 -6 8.483 8.55 -6
3 16 60 8 -6 8.483 8.55 -6 0 8 -6
3 16 -60 48 -6 -60 8 -6 -56.29 40 -6
3 16 -56.29 40 -6 -60 8 -6 -51.571 33.037 -6
3 16 -51.571 33.037 -6 -60 8 -6 -45.962 26.746 -6
3 16 -45.962 26.746 -6 -60 8 -6 -39.572 21.222 -6
3 16 -39.572 21.222 -6 -60 8 -6 -32.5 16.576 -6
3 16 -32.5 16.576 -6 -60 8 -6 -24.876 12.87 -6
3 16 -24.876 12.87 -6 -60 8 -6 -16.822 10.182 -6
3 16 -16.822 10.182 -6 -60 8 -6 -8.483 8.55 -6
3 16 0 8 -6 -8.483 8.55 -6 -60 8 -6
2 24 0 8 -10 8.483 8.55 -10
2 24 24.876 12.87 -10 32.5 16.576 -10
2 24 24.876 12.87 -10 16.822 10.182 -10
2 24 8.483 8.55 -10 16.822 10.182 -10
2 24 32.5 16.576 -10 39.572 21.222 -10
2 24 45.962 26.746 -10 51.571 33.037 -10
2 24 45.962 26.746 -10 39.572 21.222 -10
2 24 51.571 33.037 -10 56.29 40 -10
2 24 56.29 40 -10 60 48 -10
2 24 0 8 -10 -8.483 8.55 -10
2 24 -24.876 12.87 -10 -32.5 16.576 -10
2 24 -24.876 12.87 -10 -16.822 10.182 -10
2 24 -8.483 8.55 -10 -16.822 10.182 -10
2 24 -32.5 16.576 -10 -39.572 21.222 -10
2 24 -45.962 26.746 -10 -51.571 33.037 -10
2 24 -45.962 26.746 -10 -39.572 21.222 -10
2 24 -51.571 33.037 -10 -56.29 40 -10
2 24 -56.29 40 -10 -60 48 -10
2 24 0 8 -6 8.483 8.55 -6
2 24 24.876 12.87 -6 32.5 16.576 -6
2 24 24.876 12.87 -6 16.822 10.182 -6
2 24 8.483 8.55 -6 16.822 10.182 -6
2 24 32.5 16.576 -6 39.572 21.222 -6
2 24 45.962 26.746 -6 51.571 33.037 -6
2 24 45.962 26.746 -6 39.572 21.222 -6
2 24 51.571 33.037 -6 56.29 40 -6
2 24 56.29 40 -6 60 48 -6
2 24 0 8 -6 -8.483 8.55 -6
2 24 -24.876 12.87 -6 -32.5 16.576 -6
2 24 -24.876 12.87 -6 -16.822 10.182 -6
2 24 -8.483 8.55 -6 -16.822 10.182 -6
2 24 -32.5 16.576 -6 -39.572 21.222 -6
2 24 -45.962 26.746 -6 -51.571 33.037 -6
2 24 -45.962 26.746 -6 -39.572 21.222 -6
2 24 -51.571 33.037 -6 -56.29 40 -6
2 24 -56.29 40 -6 -60 48 -6
4 16 0 8 -10 -8.483 8.55 -10 -8.483 8.55 -6 0 8 -6
4 16 -24.876 12.87 -10 -32.5 16.576 -10 -32.5 16.576 -6 -24.876 12.87 -6
4 16 -16.822 10.182 -10 -24.876 12.87 -10 -24.876 12.87 -6 -16.822 10.182 -6
4 16 -8.483 8.55 -10 -16.822 10.182 -10 -16.822 10.182 -6 -8.483 8.55 -6
4 16 -32.5 16.576 -10 -39.572 21.222 -10 -39.572 21.222 -6 -32.5 16.576 -6
4 16 -45.962 26.746 -10 -51.571 33.037 -10 -51.571 33.037 -6 -45.962 26.746 -6
4 16 -39.572 21.222 -10 -45.962 26.746 -10 -45.962 26.746 -6 -39.572 21.222 -6
4 16 -51.571 33.037 -10 -56.29 40 -10 -56.29 40 -6 -51.571 33.037 -6
4 16 -56.29 40 -10 -60 48 -10 -60 48 -6 -56.29 40 -6
4 16 0 8 -6 8.483 8.55 -6 8.483 8.55 -10 0 8 -10
4 16 24.876 12.87 -6 32.5 16.576 -6 32.5 16.576 -10 24.876 12.87 -10
4 16 16.822 10.182 -6 24.876 12.87 -6 24.876 12.87 -10 16.822 10.182 -10
4 16 8.483 8.55 -6 16.822 10.182 -6 16.822 10.182 -10 8.483 8.55 -10
4 16 32.5 16.576 -6 39.572 21.222 -6 39.572 21.222 -10 32.5 16.576 -10
4 16 45.962 26.746 -6 51.571 33.037 -6 51.571 33.037 -10 45.962 26.746 -10
4 16 39.572 21.222 -6 45.962 26.746 -6 45.962 26.746 -10 39.572 21.222 -10
4 16 51.571 33.037 -6 56.29 40 -6 56.29 40 -10 51.571 33.037 -10
4 16 56.29 40 -6 60 48 -6 60 48 -10 56.29 40 -10
3 16 -60 8 6 -60 48 6 -56.29 40 6
3 16 -60 8 6 -56.29 40 6 -51.571 33.037 6
3 16 -60 8 6 -51.571 33.037 6 -45.962 26.746 6
3 16 -60 8 6 -45.962 26.746 6 -39.572 21.222 6
3 16 -60 8 6 -39.572 21.222 6 -32.5 16.576 6
3 16 -60 8 6 -32.5 16.576 6 -24.876 12.87 6
3 16 -60 8 6 -24.876 12.87 6 -16.822 10.182 6
3 16 -60 8 6 -16.822 10.182 6 -8.483 8.55 6
3 16 -60 8 6 -8.483 8.55 6 0 8 6
3 16 60 48 6 60 8 6 56.29 40 6
3 16 56.29 40 6 60 8 6 51.571 33.037 6
3 16 51.571 33.037 6 60 8 6 45.962 26.746 6
3 16 45.962 26.746 6 60 8 6 39.572 21.222 6
3 16 39.572 21.222 6 60 8 6 32.5 16.576 6
3 16 32.5 16.576 6 60 8 6 24.876 12.87 6
3 16 24.876 12.87 6 60 8 6 16.822 10.182 6
3 16 16.822 10.182 6 60 8 6 8.483 8.55 6
3 16 0 8 6 8.483 8.55 6 60 8 6
3 16 60 8 10 60 48 10 56.29 40 10
3 16 60 8 10 56.29 40 10 51.571 33.037 10
3 16 60 8 10 51.571 33.037 10 45.962 26.746 10
3 16 60 8 10 45.962 26.746 10 39.572 21.222 10
3 16 60 8 10 39.572 21.222 10 32.5 16.576 10
3 16 60 8 10 32.5 16.576 10 24.876 12.87 10
3 16 60 8 10 24.876 12.87 10 16.822 10.182 10
3 16 60 8 10 16.822 10.182 10 8.483 8.55 10
3 16 60 8 10 8.483 8.55 10 0 8 10
3 16 -60 48 10 -60 8 10 -56.29 40 10
3 16 -56.29 40 10 -60 8 10 -51.571 33.037 10
3 16 -51.571 33.037 10 -60 8 10 -45.962 26.746 10
3 16 -45.962 26.746 10 -60 8 10 -39.572 21.222 10
3 16 -39.572 21.222 10 -60 8 10 -32.5 16.576 10
3 16 -32.5 16.576 10 -60 8 10 -24.876 12.87 10
3 16 -24.876 12.87 10 -60 8 10 -16.822 10.182 10
3 16 -16.822 10.182 10 -60 8 10 -8.483 8.55 10
3 16 0 8 10 -8.483 8.55 10 -60 8 10
2 24 0 8 6 8.483 8.55 6
2 24 24.876 12.87 6 32.5 16.576 6
2 24 24.876 12.87 6 16.822 10.182 6
2 24 8.483 8.55 6 16.822 10.182 6
2 24 32.5 16.576 6 39.572 21.222 6
2 24 45.962 26.746 6 51.571 33.037 6
2 24 45.962 26.746 6 39.572 21.222 6
2 24 51.571 33.037 6 56.29 40 6
2 24 56.29 40 6 60 48 6
2 24 0 8 6 -8.483 8.55 6
2 24 -24.876 12.87 6 -32.5 16.576 6
2 24 -24.876 12.87 6 -16.822 10.182 6
2 24 -8.483 8.55 6 -16.822 10.182 6
2 24 -32.5 16.576 6 -39.572 21.222 6
2 24 -45.962 26.746 6 -51.571 33.037 6
2 24 -45.962 26.746 6 -39.572 21.222 6
2 24 -51.571 33.037 6 -56.29 40 6
2 24 -56.29 40 6 -60 48 6
2 24 0 8 10 8.483 8.55 10
2 24 24.876 12.87 10 32.5 16.576 10
2 24 24.876 12.87 10 16.822 10.182 10
2 24 8.483 8.55 10 16.822 10.182 10
2 24 32.5 16.576 10 39.572 21.222 10
2 24 45.962 26.746 10 51.571 33.037 10
2 24 45.962 26.746 10 39.572 21.222 10
2 24 51.571 33.037 10 56.29 40 10
2 24 56.29 40 10 60 48 10
2 24 0 8 10 -8.483 8.55 10
2 24 -24.876 12.87 10 -32.5 16.576 10
2 24 -24.876 12.87 10 -16.822 10.182 10
2 24 -8.483 8.55 10 -16.822 10.182 10
2 24 -32.5 16.576 10 -39.572 21.222 10
2 24 -45.962 26.746 10 -51.571 33.037 10
2 24 -45.962 26.746 10 -39.572 21.222 10
2 24 -51.571 33.037 10 -56.29 40 10
2 24 -56.29 40 10 -60 48 10
4 16 0 8 6 -8.483 8.55 6 -8.483 8.55 10 0 8 10
4 16 -24.876 12.87 6 -32.5 16.576 6 -32.5 16.576 10 -24.876 12.87 10
4 16 -16.822 10.182 6 -24.876 12.87 6 -24.876 12.87 10 -16.822 10.182 10
4 16 -8.483 8.55 6 -16.822 10.182 6 -16.822 10.182 10 -8.483 8.55 10
4 16 -32.5 16.576 6 -39.572 21.222 6 -39.572 21.222 10 -32.5 16.576 10
4 16 -45.962 26.746 6 -51.571 33.037 6 -51.571 33.037 10 -45.962 26.746 10
4 16 -39.572 21.222 6 -45.962 26.746 6 -45.962 26.746 10 -39.572 21.222 10
4 16 -51.571 33.037 6 -56.29 40 6 -56.29 40 10 -51.571 33.037 10
4 16 -56.29 40 6 -60 48 6 -60 48 10 -56.29 40 10
4 16 0 8 10 8.483 8.55 10 8.483 8.55 6 0 8 6
4 16 24.876 12.87 10 32.5 16.576 10 32.5 16.576 6 24.876 12.87 6
4 16 16.822 10.182 10 24.876 12.87 10 24.876 12.87 6 16.822 10.182 6
4 16 8.483 8.55 10 16.822 10.182 10 16.822 10.182 6 8.483 8.55 6
4 16 32.5 16.576 10 39.572 21.222 10 39.572 21.222 6 32.5 16.576 6
4 16 45.962 26.746 10 51.571 33.037 10 51.571 33.037 6 45.962 26.746 6
4 16 39.572 21.222 10 45.962 26.746 10 45.962 26.746 6 39.572 21.222 6
4 16 51.571 33.037 10 56.29 40 10 56.29 40 6 51.571 33.037 6
4 16 56.29 40 10 60 48 10 60 48 6 56.29 40 6
5 24 56.29 40 10 56.29 40 6 60 48 10 51.571 33.037 10
5 24 51.571 33.037 10 51.571 33.037 6 56.29 40 10 45.962 26.746 10
5 24 45.962 26.746 10 45.962 26.746 6 51.571 33.037 10 39.572 21.222 10
5 24 39.572 21.222 10 39.572 21.222 6 45.962 26.746 10 32.5 16.576 10
5 24 32.5 16.576 10 32.5 16.576 6 39.572 21.222 10 24.876 12.87 10
5 24 24.876 12.87 10 24.876 12.87 6 32.5 16.576 10 16.822 10.182 10
5 24 16.822 10.182 10 16.822 10.182 6 24.876 12.87 10 8.483 8.55 10
5 24 8.483 8.55 10 8.483 8.55 6 16.822 10.182 10 0 8 10
5 24 -56.29 40 6 -56.29 40 10 -60 48 6 -51.571 33.037 6
5 24 -51.571 33.037 6 -51.571 33.037 10 -56.29 40 6 -45.962 26.746 6
5 24 -45.962 26.746 6 -45.962 26.746 10 -51.571 33.037 6 -39.572 21.222 6
5 24 -39.572 21.222 6 -39.572 21.222 10 -45.962 26.746 6 -32.5 16.576 6
5 24 -32.5 16.576 6 -32.5 16.576 10 -39.572 21.222 6 -24.876 12.87 6
5 24 -24.876 12.87 6 -24.876 12.87 10 -32.5 16.576 6 -16.822 10.182 6
5 24 -16.822 10.182 6 -16.822 10.182 10 -24.876 12.87 6 -8.483 8.55 6
5 24 -8.483 8.55 6 -8.483 8.55 10 -16.822 10.182 6 0 8 6
5 24 56.29 40 -6 56.29 40 -10 60 48 -6 51.571 33.037 -6
5 24 51.571 33.037 -6 51.571 33.037 -10 56.29 40 -6 45.962 26.746 -6
5 24 45.962 26.746 -6 45.962 26.746 -10 51.571 33.037 -6 39.572 21.222 -6
5 24 39.572 21.222 -6 39.572 21.222 -10 45.962 26.746 -6 32.5 16.576 -6
5 24 32.5 16.576 -6 32.5 16.576 -10 39.572 21.222 -6 24.876 12.87 -6
5 24 24.876 12.87 -6 24.876 12.87 -10 32.5 16.576 -6 16.822 10.182 -6
5 24 16.822 10.182 -6 16.822 10.182 -10 24.876 12.87 -6 8.483 8.55 -6
5 24 8.483 8.55 -6 8.483 8.55 -10 16.822 10.182 -6 0 8 -6
5 24 -56.29 40 -10 -56.29 40 -6 -60 48 -10 -51.571 33.037 -10
5 24 -51.571 33.037 -10 -51.571 33.037 -6 -56.29 40 -10 -45.962 26.746 -10
5 24 -45.962 26.746 -10 -45.962 26.746 -6 -51.571 33.037 -10 -39.572 21.222 -10
5 24 -39.572 21.222 -10 -39.572 21.222 -6 -45.962 26.746 -10 -32.5 16.576 -10
5 24 -32.5 16.576 -10 -32.5 16.576 -6 -39.572 21.222 -10 -24.876 12.87 -10
5 24 -24.876 12.87 -10 -24.876 12.87 -6 -32.5 16.576 -10 -16.822 10.182 -10
5 24 -16.822 10.182 -10 -16.822 10.182 -6 -24.876 12.87 -10 -8.483 8.55 -10
5 24 -8.483 8.55 -10 -8.483 8.55 -6 -16.822 10.182 -10 0 8 -10
5 24 0 8 10 0 8 6 8.483 8.55 10 -8.483 8.55 10
5 24 0 8 -6 0 8 -10 8.483 8.55 -6 -8.483 8.55 -6
4 16 60 8 6 60 4 6 -60 4 6 -60 8 6
4 16 -60 8 -6 -60 4 -6 60 4 -6 60 8 -6
4 16 -80 0 10 -60 8 10 -60 48 10 -80 48 10
4 16 80 48 10 60 48 10 60 8 10 80 0 10
4 16 -80 48 -10 -60 48 -10 -60 8 -10 -80 0 -10
4 16 80 0 -10 60 8 -10 60 48 -10 80 48 -10
4 16 80 0 10 60 8 10 -60 8 10 -80 0 10
4 16 -80 0 -10 -60 8 -10 60 8 -10 80 0 -10
1 16 80 24 0 0 -1 0 0 0 24 -10 0 0 rect3.dat
1 16 60 26 0 0 1 0 22 0 0 0 0 -6 rect2p.dat
1 16 -60 26 0 0 -1 0 22 0 0 0 0 6 rect2p.dat
1 16 -80 24 0 0 1 0 0 0 24 10 0 0 rect3.dat
1 16 0 0 0 80 0 0 0 1 0 0 0 10 rect.dat
0
