0 Arch  1 x  6 Simplified
0 Author: James Jessiman

0 BFC CERTIFY CCW

1 16  50 24 0  10 0 0  0 -1 0  0 0 10  rect.dat
1 16  -50 24 0  10 0 0  0 -1 0  0 0 10  rect.dat
0 BFC INVERTNEXT
1 16 0 24 0 0 0 -40 0 -20 0 -6 0 0 box3u2p.dat
1 16 0 24 0 0 0 -60 0 -24 0 -10 0 0 box3u2p.dat
4 16 -40 8 -6 -40 4 -6 40 4 -6 40 8 -6
4 16 40 8 6 40 4 6 -40 4 6 -40 8 6
4 16 -60 0 10 -40 8 10 -40 24 10 -60 24 10
4 16 60 24 10 40 24 10 40 8 10 60 0 10
4 16 -60 24 -10 -40 24 -10 -40 8 -10 -60 0 -10
4 16 60 0 -10 40 8 -10 40 24 -10 60 24 -10
4 16 -60 0 -10 -40 8 -10 40 8 -10 60 0 -10
4 16 60 0 10 40 8 10 -40 8 10 -60 0 10

3 16 -40 8 -10 -40 24 -10 -32.22 17.77 -10
3 16 40 8 -6 40 24 -6 32.22 17.77 -6
3 16 -40 8 -10 -32.22 17.77 -10 -22.2 12.41 -10
3 16 40 8 -6 32.22 17.77 -6 22.2 12.41 -6
3 16 -40 8 -10 -22.2 12.41 -10 -11.32 9.11 -10
3 16 40 8 -6 22.2 12.41 -6 11.32 9.11 -6
3 16 -40 8 -10 -11.32 9.11 -10 0 8 -10
3 16 40 8 -6 11.32 9.11 -6 0 8 -6
3 16 40 8 -10 0 8 -10 11.32 9.11 -10
3 16 -40 8 -6 0 8 -6 -11.32 9.11 -6
3 16 40 8 -10 11.32 9.11 -10 22.2 12.41 -10
3 16 -40 8 -6 -11.32 9.11 -6 -22.2 12.41 -6
3 16 40 8 -10 22.2 12.41 -10 32.22 17.77 -10
3 16 -40 8 -6 -22.2 12.41 -6 -32.22 17.77 -6
3 16 40 8 -10 32.22 17.77 -10 40 24 -10
3 16 -40 8 -6 -32.22 17.77 -6 -40 24 -6
4 16 -40 24 -6 -32.22 17.77 -6 -32.22 17.77 -10 -40 24 -10
4 16 -32.22 17.77 -6 -22.2 12.41 -6 -22.2 12.41 -10 -32.22 17.77 -10
4 16 -22.2 12.41 -6 -11.32 9.11 -6 -11.32 9.11 -10 -22.2 12.41 -10
4 16 -11.32 9.11 -6 0 8 -6 0 8 -10 -11.32 9.11 -10
4 16 0 8 -6 11.32 9.11 -6 11.32 9.11 -10 0 8 -10
4 16 11.32 9.11 -6 22.2 12.41 -6 22.2 12.41 -10 11.32 9.11 -10
4 16 22.2 12.41 -6 32.22 17.77 -6 32.22 17.77 -10 22.2 12.41 -10
4 16 32.22 17.77 -6 40 24 -6 40 24 -10 32.22 17.77 -10
3 16 -40 8 6 -40 24 6 -32.22 17.77 6
3 16 40 8 10 40 24 10 32.22 17.77 10
3 16 -40 8 6 -32.22 17.77 6 -22.2 12.41 6
3 16 40 8 10 32.22 17.77 10 22.2 12.41 10
3 16 -40 8 6 -22.2 12.41 6 -11.32 9.11 6
3 16 40 8 10 22.2 12.41 10 11.32 9.11 10
3 16 -40 8 6 -11.32 9.11 6 0 8 6
3 16 40 8 10 11.32 9.11 10 0 8 10
3 16 40 8 6 0 8 6 11.32 9.11 6
3 16 -40 8 10 0 8 10 -11.32 9.11 10
3 16 40 8 6 11.32 9.11 6 22.2 12.41 6
3 16 -40 8 10 -11.32 9.11 10 -22.2 12.41 10
3 16 40 8 6 22.2 12.41 6 32.22 17.77 6
3 16 -40 8 10 -22.2 12.41 10 -32.22 17.77 10
3 16 40 8 6 32.22 17.77 6 40 24 6
3 16 -40 8 10 -32.22 17.77 10 -40 24 10
4 16 -40 24 10 -32.22 17.77 10 -32.22 17.77 6 -40 24 6
4 16 -32.22 17.77 10 -22.2 12.41 10 -22.2 12.41 6 -32.22 17.77 6
4 16 -22.2 12.41 10 -11.32 9.11 10 -11.32 9.11 6 -22.2 12.41 6
4 16 -11.32 9.11 10 0 8 10 0 8 6 -11.32 9.11 6
4 16 0 8 10 11.32 9.11 10 11.32 9.11 6 0 8 6
4 16 11.32 9.11 10 22.2 12.41 10 22.2 12.41 6 11.32 9.11 6
4 16 22.2 12.41 10 32.22 17.77 10 32.22 17.77 6 22.2 12.41 6
4 16 32.22 17.77 10 40 24 10 40 24 6 32.22 17.77 6
2 24 -40 24 -10 -32.22 17.77 -10
2 24 -40 24 -6 -32.22 17.77 -6
2 24 -32.22 17.77 -10 -22.2 12.41 -10
2 24 -32.22 17.77 -6 -22.2 12.41 -6
2 24 -22.2 12.41 -10 -11.32 9.11 -10
2 24 -22.2 12.41 -6 -11.32 9.11 -6
2 24 -11.32 9.11 -10 0 8 -10
2 24 -11.32 9.11 -6 0 8 -6
2 24 0 8 -10 11.32 9.11 -10
2 24 0 8 -6 11.32 9.11 -6
2 24 11.32 9.11 -10 22.2 12.41 -10
2 24 11.32 9.11 -6 22.2 12.41 -6
2 24 22.2 12.41 -10 32.22 17.77 -10
2 24 22.2 12.41 -6 32.22 17.77 -6
2 24 32.22 17.77 -10 40 24 -10
2 24 32.22 17.77 -6 40 24 -6
2 24 -40 24 6 -32.22 17.77 6
2 24 -40 24 10 -32.22 17.77 10
2 24 -32.22 17.77 6 -22.2 12.41 6
2 24 -32.22 17.77 10 -22.2 12.41 10
2 24 -22.2 12.41 6 -11.32 9.11 6
2 24 -22.2 12.41 10 -11.32 9.11 10
2 24 -11.32 9.11 6 0 8 6
2 24 -11.32 9.11 10 0 8 10
2 24 0 8 6 11.32 9.11 6
2 24 0 8 10 11.32 9.11 10
2 24 11.32 9.11 6 22.2 12.41 6
2 24 11.32 9.11 10 22.2 12.41 10
2 24 22.2 12.41 6 32.22 17.77 6
2 24 22.2 12.41 10 32.22 17.77 10
2 24 32.22 17.77 6 40 24 6
2 24 32.22 17.77 10 40 24 10
5 24 -32.22 17.77 -10 -32.22 17.77 -6 -22.2 12.41 -10 -40 24 -10
5 24 -32.22 17.77 6 -32.22 17.77 10 -22.2 12.41 6 -40 24 6
5 24 -22.2 12.41 -10 -22.2 12.41 -6 -11.32 9.11 -10 -32.22 17.77 -10
5 24 -22.2 12.41 6 -22.2 12.41 10 -11.32 9.11 6 -32.22 17.77 6
5 24 -11.32 9.11 -10 -11.32 9.11 -6 0 8 -10 -22.2 12.41 -10
5 24 -11.32 9.11 6 -11.32 9.11 10 0 8 6 -22.2 12.41 6
5 24 0 8 -10 0 8 -6 11.32 9.11 -10 -11.32 9.11 -10
5 24 0 8 6 0 8 10 11.32 9.11 6 -11.32 9.11 6
5 24 11.32 9.11 -10 11.32 9.11 -6 22.2 12.41 -10 0 8 -10
5 24 11.32 9.11 6 11.32 9.11 10 22.2 12.41 6 0 8 6
5 24 22.2 12.41 -10 22.2 12.41 -6 32.22 17.77 -10 11.32 9.11 -10
5 24 22.2 12.41 6 22.2 12.41 10 32.22 17.77 6 11.32 9.11 6
5 24 32.22 17.77 -10 32.22 17.77 -6 40 24 -10 22.2 12.41 -10
5 24 32.22 17.77 6 32.22 17.77 10 40 24 6 22.2 12.41 6
0
