0 Baseplate  8 x 24 Boxed
0 Author: James Jessiman

0 BFC NOCERTIFY

 1 16 236 4 76 4 0 0 0 0 0 0 0 4 1-4edge.dat
 2 24 236 4 80 -236 4 80
 1 16 -236 4 76 -4 0 0 0 0 0 0 0 4 1-4edge.dat
 2 24 -240 4 76 -240 4 -76
 1 16 -236 4 -76 -4 0 0 0 0 0 0 0 -4 1-4edge.dat
 2 24 -236 4 -80 236 4 -80
 1 16 236 4 -76 4 0 0 0 0 0 0 0 -4 1-4edge.dat
 2 24 240 4 -76 240 4 76

 1 16 236 0 76 4 0 0 0 0 0 0 0 4 1-4edge.dat
 2 24 236 0 80 -236 0 80
 1 16 -236 0 76 -4 0 0 0 0 0 0 0 4 1-4edge.dat
 2 24 -240 0 76 -240 0 -76
 1 16 -236 0 -76 -4 0 0 0 0 0 0 0 -4 1-4edge.dat
 2 24 -236 0 -80 236 0 -80
 1 16 236 0 -76 4 0 0 0 0 0 0 0 -4 1-4edge.dat
 2 24 240 0 -76 240 0 76

 1 16 236 4 76 4 0 0 0 0 0 0 0 4 1-4disc.dat
 4 16 236 4 76 236 4 80 -236 4 80 -236 4 76
 1 16 -236 4 76 -4 0 0 0 0 0 0 0 4 1-4disc.dat
 4 16 -236 4 76 -240 4 76 -240 4 -76 -236 4 -76
 1 16 -236 4 -76 -4 0 0 0 0 0 0 0 -4 1-4disc.dat
 4 16 -236 4 -76 -236 4 -80 236 4 -80 236 4 -76
 1 16 236 4 -76 4 0 0 0 0 0 0 0 -4 1-4disc.dat
 4 16 236 4 -76 240 4 -76 240 4 76 236 4 76
 4 16 236 4 76 -236 4 76 -236 4 -76 236 4 -76

 1 16 236 0 76 4 0 0 0 0 0 0 0 4 1-4disc.dat
 4 16 236 0 76 236 0 80 -236 0 80 -236 0 76
 1 16 -236 0 76 -4 0 0 0 0 0 0 0 4 1-4disc.dat
 4 16 -236 0 76 -240 0 76 -240 0 -76 -236 0 -76
 1 16 -236 0 -76 -4 0 0 0 0 0 0 0 -4 1-4disc.dat
 4 16 -236 0 -76 -236 0 -80 236 0 -80 236 0 -76
 1 16 236 0 -76 4 0 0 0 0 0 0 0 -4 1-4disc.dat
 4 16 236 0 -76 240 0 -76 240 0 76 236 0 76
 4 16 236 0 76 -236 0 76 -236 0 -76 236 0 -76

 1 16 236 0 76 4 0 0 0 4 0 0 0 4 1-4cyli.dat
 4 16 236 4 80 236 0 80 -236 0 80 -236 4 80
 1 16 -236 0 76 -4 0 0 0 4 0 0 0 4 1-4cyli.dat
 4 16 -240 4 76 -240 0 76 -240 0 -76 -240 4 -76
 1 16 -236 0 -76 -4 0 0 0 4 0 0 0 -4 1-4cyli.dat
 4 16 -236 4 -80 -236 0 -80 236 0 -80 236 4 -80
 1 16 236 0 -76 4 0 0 0 4 0 0 0 -4 1-4cyli.dat
 4 16 240 4 -76 240 0 -76 240 0 76 240 4 76
0
