0 Brick  1 x  1 x  2 with Shutter Holder Simplified
0 Author: James Jessiman

0 BFC CERTIFY CCW

 4 16 10 48 10  10 48 -10  -10 48 -10 -10 48 10

 2 24 10 48 10 -10 48 10
 2 24 -10 48 10 -10 48 -10
 2 24 -10 48 -10 -4 48 -10
 2 24 -4 48 -10 -4 48 -12
 2 24 4 48 -12 4 48 -10
 2 24 4 48 -10 10 48 -10
 2 24 10 48 -10 10 48 10

 2 24 4 44 -10 -4 44 -10
 2 24 -4 44 -10 -4 44 -12
 2 24 4 44 -12 4 44 -10

 2 24 4 4 -10 -4 4 -10
 2 24 -4 4 -10 -4 4 -12
 2 24 4 4 -12 4 4 -10

 2 24 10 0 10 -10 0 10
 2 24 -10 0 10 -10 0 -10
 2 24 -10 0 -10 -4 0 -10
 2 24 -4 0 -10 -4 0 -12
 2 24 4 0 -12 4 0 -10
 2 24 4 0 -10 10 0 -10
 2 24 10 0 -10 10 0 10

 2 24 4 0 -10 4 4 -10
 2 24 -4 0 -10 -4 4 -10
 2 24 4 44 -10 4 48 -10
 2 24 -4 44 -10 -4 48 -10

 2 24 10 0 10 10 48 10
 2 24 -10 0 10 -10 48 10
 2 24 10 0 -10 10 48 -10
 2 24 -10 0 -10 -10 48 -10

 1 16 0 48 -12 4 0 0 0 1 0 0 0 -4 2-4edge.dat
 1 16 0 44 -12 4 0 0 0 1 0 0 0 -4 2-4edge.dat
 1 16 0 4 -12 4 0 0 0 1 0 0 0 -4 2-4edge.dat
 1 16 0 0 -12 4 0 0 0 1 0 0 0 -4 2-4edge.dat

4 16 -10 0 -10 10 0 -10 10 0 10 -10 0 10

 4 16 4 48 -10 4 48 -12 -4 48 -12 -4 48 -10
4 16 -4 44 -12 4 44 -12 4 44 -10 -4 44 -10
 4 16 4 4 -10 4 4 -12 -4 4 -12 -4 4 -10
4 16 -4 0 -12 4 0 -12 4 0 -10 -4 0 -10

1 16 0 48 -12 -4 0 0 0 -1 0 0 0 -4 2-4disc.dat
 1 16 0 44 -12 4 0 0 0 1 0 0 0 -4 2-4disc.dat
1 16 0 4 -12 -4 0 0 0 -1 0 0 0 -4 2-4disc.dat
 1 16 0 0 -12 4 0 0 0 1 0 0 0 -4 2-4disc.dat

4 16 -4 44 -12 -4 44 -10 -4 48 -10 -4 48 -12
4 16 4 44 -10 4 44 -12 4 48 -12 4 48 -10

4 16 -4 0 -12 -4 0 -10 -4 4 -10 -4 4 -12
4 16 4 0 -10 4 0 -12 4 4 -12 4 4 -10

 1 16 0 44 -12 4 0 0 0 4 0 0 0 -4 2-4cyli.dat
 1 16 0 0 -12 4 0 0 0 4 0 0 0 -4 2-4cyli.dat

4 16 -10 0 10 10 0 10 10 48 10 -10 48 10
4 16 -10 0 -10 -10 0 10 -10 48 10 -10 48 -10
4 16 10 0 -10 -10 0 -10 -10 48 -10 10 48 -10
4 16 10 0 10 10 0 -10 10 48 -10 10 48 10
0
