0 BFC CERTIFY CCW
0 ROTATION CENTER 0 0 0 1 "Custom" 
0 ROTATION CONFIG 0 0
4 16 40 24 -10 20 24 -10 20 24 10 40 24 10
4 16 -20 24 -10 -40 24 -10 -40 24 10 -20 24 10
2 24 20 24 10 40 24 10
2 24 40 24 -10 20 24 -10
2 24 20 24 -10 20 24 -6
2 24 20 24 10 20 24 6
2 24 -20 24 10 -40 24 10
2 24 -40 24 -10 -20 24 -10
2 24 -20 24 6 -20 24 10
2 24 -20 24 -6 -20 24 -10
0 BFC CERTIFY INVERTNEXT
1 16 0 24 0 0 0 -20 0 -20 0 -6 0 0 box3u2p.dat
1 16 0 24 0 0 0 -40 0 -24 0 -10 0 0 box3u2p.dat
4 16 20 8 6 20 4 6 -20 4 6 -20 8 6
4 16 -20 8 -6 -20 4 -6 20 4 -6 20 8 -6
4 16 -40 0 10 -20 8 10 -20 24 10 -40 24 10
4 16 40 24 10 20 24 10 20 8 10 40 0 10
4 16 -40 24 -10 -20 24 -10 -20 8 -10 -40 0 -10
4 16 40 0 -10 20 8 -10 20 24 -10 40 24 -10
4 16 40 0 10 20 8 10 -20 8 10 -40 0 10
4 16 -40 0 -10 -20 8 -10 20 8 -10 40 0 -10
2 24 20 24 10 18.478 20.346 10
2 24 -18.478 20.346 10 -20 24 10
3 16 -18.478 20.346 10 -20 24 10 -20 8 10
3 16 20 8 10 20 24 10 18.478 20.346 10
2 24 20 24 6 18.478 20.346 6
2 24 -18.478 20.346 6 -20 24 6
3 16 -20 8 6 -20 24 6 -18.478 20.346 6
3 16 18.478 20.346 6 20 24 6 20 8 6
1 16 0 28 10 18.4776 0 -7.65367 -7.65367 0 -18.4776 0 1 0 3-8edge.dat
1 16 0 28 6 18.4776 0 -7.65367 -7.65367 0 -18.4776 0 1 0 3-8edge.dat
0 BFC CERTIFY INVERTNEXT
1 16 0 28 6 18.4776 0 -7.65367 -7.65367 0 -18.4776 0 4 0 3-8cyli.dat
1 16 0 28 10 0 0 -20 -20 0 0 0 -1 0 3-16ndis.dat
1 16 0 28 10 0 0 20 -20 0 0 0 -1 0 3-16ndis.dat
1 16 0 28 6 0 0 20 -20 0 0 0 1 0 3-16ndis.dat
1 16 0 28 6 0 0 -20 -20 0 0 0 1 0 3-16ndis.dat
2 24 -20 24 -10 -18.478 20.346 -10
2 24 18.478 20.346 -10 20 24 -10
3 16 18.478 20.346 -10 20 24 -10 20 8 -10
3 16 -20 8 -10 -20 24 -10 -18.478 20.346 -10
2 24 -20 24 -6 -18.478 20.346 -6
2 24 18.478 20.346 -6 20 24 -6
3 16 20 8 -6 20 24 -6 18.478 20.346 -6
3 16 -18.478 20.346 -6 -20 24 -6 -20 8 -6
1 16 0 28 -10 -18.4776 0 7.65367 -7.65367 0 -18.4776 0 -1 0 3-8edge.dat
1 16 0 28 -6 -18.4776 0 7.65367 -7.65367 0 -18.4776 0 -1 0 3-8edge.dat
0 BFC CERTIFY INVERTNEXT
1 16 0 28 -6 -18.4776 0 7.65367 -7.65367 0 -18.4776 0 -4 0 3-8cyli.dat
1 16 0 28 -10 0 0 20 -20 0 0 0 1 0 3-16ndis.dat
1 16 0 28 -10 0 0 -20 -20 0 0 0 1 0 3-16ndis.dat
1 16 0 28 -6 0 0 -20 -20 0 0 0 -1 0 3-16ndis.dat
1 16 0 28 -6 0 0 20 -20 0 0 0 -1 0 3-16ndis.dat
4 16 20 24 -6 20 24 -10 18.478 20.346 -10 18.478 20.346 -6
4 16 -18.478 20.346 -6 -18.478 20.346 -10 -20 24 -10 -20 24 -6
4 16 18.478 20.346 6 18.478 20.346 10 20 24 10 20 24 6
4 16 -20 24 6 -20 24 10 -18.478 20.346 10 -18.478 20.346 6

0
