0 Slope Brick 75  2 x  2 x  3 Boxed
0 Author: James Jessiman
0 BFC CERTIFY CCW
 4 16 20 0 -10 -20 0 -10 -20 68 -30 20 68 -30
 4 16 20 72 10 -20 72 10 -20 0 10 20 0 10

 2 24 20 68 -30 -20 68 -30

 2 24 20 0 -10 20 68 -30
 2 24 20 68 -30 20 72 -30
 2 24 20 0 10 20 72 10
 2 24 -20 0 -10 -20 68 -30
 2 24 -20 68 -30 -20 72 -30
 2 24 -20 0 10 -20 72 10

 2 24 20 0 -10 20 0 10
 2 24 20 0 -10 -20 0 -10
 2 24 20 0 10 -20 0 10
 2 24 -20 0 -10 -20 0 10

 1 16  0 72 -10  20 0 0  0 -1 0  0 0 20  rect.dat

4 16 20 68 -30 20 68 10 20 0 10 20 0 -10
4 16 20 72 -30 20 72 10 20 68 10 20 68 -30

 4 16 20 72 -30 20 68 -30 -20 68 -30 -20 72 -30
 4 16 -20  0 -10 -20  0  10 -20 68  10 -20 68 -30
 4 16 -20 68 -30 -20 68  10 -20 72  10 -20 72 -30
 4 16 20 0 10 -20 0 10 -20 0 -10 20 0 -10
0
