0 BFC CERTIFY CCW
0 ROTATION CENTER 0 0 0 1 "Custom" 
0 ROTATION CONFIG 0 0
4 16 20 24 -10 -20 24 -10 -20 24 10 20 24 10
2 24 20 24 -10 20 24 10
2 24 20 24 -10 -20 24 -10
2 24 20 24 10 -20 24 10
2 24 -20 24 -10 -20 24 10
2 24 20 0 -50 20 4 -50
2 24 20 4 -50 20 24 -10
2 24 20 0 10 20 24 10
2 24 -20 0 -50 -20 4 -50
2 24 -20 4 -50 -20 24 -10
2 24 -20 0 10 -20 24 10
2 24 20 4 -50 -20 4 -50
2 24 20 0 -50 20 0 10
2 24 20 0 -50 -20 0 -50
2 24 20 0 10 -20 0 10
2 24 -20 0 -50 -20 0 10
4 16 20 24 -10 20 24 10 20 0 10 20 4 -50
4 16 -20 24 -10 20 24 -10 20 4 -50 -20 4 -50
4 16 20 24 10 -20 24 10 -20 0 10 20 0 10
4 16 -20 24 -10 -20 4 -50 -20 0 10 -20 24 10
3 16 20 0 -50 20 4 -50 20 0 10
4 16 20 0 -50 -20 0 -50 -20 4 -50 20 4 -50
3 16 -20 0 -50 -20 0 10 -20 4 -50
4 16 20 0 10 -20 0 10 -20 0 -50 20 0 -50
0
