0 Train Window  1 x  4 x  3 Simplified
0 Author: James Jessiman

0 BFC NOCERTIFY

 2 24 40 0 -10 40 72 -10
 2 24 40 0 10 40 72 10
 2 24 -40 0 -10 -40 72 -10
 2 24 -40 0 10 -40 72 10

 1 16 26 12 -10 4 0 0 0 0 -4 0 0 0 1-4edge.dat
 2 24 30 12 -10 30 60 -10
 1 16 26 60 -10 4 0 0 0 0 4 0 0 0 1-4edge.dat
 2 24 26 64 -10 -26 64 -10
 1 16 -26 60 -10 -4 0 0 0 0 4 0 0 0 1-4edge.dat
 2 24 -30 60 -10 -30 12 -10
 1 16 -26 12 -10 -4 0 0 0 0 -4 0 0 0 1-4edge.dat
 2 24 -26 8 -10 26 8 -10

 1 16 26 12 -6 4 0 0 0 0 -4 0 0 0 1-4edge.dat
 2 24 30 12 -6 30 60 -6
 1 16 26 60 -6 4 0 0 0 0 4 0 0 0 1-4edge.dat
 1 16 -26 60 -6 -4 0 0 0 0 4 0 0 0 1-4edge.dat
 2 24 -30 60 -6 -30 12 -6
 1 16 -26 12 -6 -4 0 0 0 0 -4 0 0 0 1-4edge.dat
 2 24 -26 8 -6 26 8 -6

 2 24 36 4 10 -36 4 10
 2 24 36 64 10 -36 64 10
 2 24 36 4 10 36 64 10
 2 24 -36 4 10 -36 64 10

 2 24 36 4 -6 -36 4 -6
 2 24 36 64 -6 26 64 -6
 2 24 -36 64 -6 -26 64 -6
 2 24 36 4 -6 36 64 -6
 2 24 -36 4 -6 -36 64 -6

 2 24 36 4 10 36 4 -6
 2 24 -36 4 10 -36 4 -6
 2 24 36 64 10 36 64 -6
 2 24 -36 64 10 -36 64 -6

 1 16 26 12 -10 4 0 0 0 0 -4 0 4 0 1-4cyli.dat
 4 16  30 12 -10  30 60 -10  30 60 -6  30 12 -6
 1 16 26 60 -10 4 0 0 0 0 4 0 4 0 1-4cyli.dat
 4 16  26 64 -10 -26 64 -10 -26 64 -6  26 64 -6
 1 16 -26 60 -10 -4 0 0 0 0 4 0 4 0 1-4cyli.dat
 4 16 -30 60 -10 -30 12 -10 -30 12 -6 -30 60 -6
 1 16 -26 12 -10 -4 0 0 0 0 -4 0 4 0 1-4cyli.dat
 4 16 -26  8 -10  26  8 -10  26  8 -6 -26  8 -6

 1 16 26 12 -6 4 0 0 0 0 -4 0 0 0 1-4ndis.dat
 1 16 26 60 -6 4 0 0 0 0 4 0 0 0 1-4ndis.dat
 1 16 -26 60 -6 -4 0 0 0 0 4 0 0 0 1-4ndis.dat
 1 16 -26 12 -6 -4 0 0 0 0 -4 0 0 0 1-4ndis.dat

 4 16 36 4 -6 30 8 -6 -30 8 -6 -36 4 -6
 4 16 30 8 -6 36 4 -6 36 64 -6 30 64 -6
 4 16 -30 8 -6 -36 4 -6 -36 64 -6 -30 64 -6

 4 16 36 4 -6 36 4 10 -36 4 10 -36 4 -6
 4 16 36 64 -6 36 64 10 -36 64 10 -36 64 -6
 4 16 36 4 -6 36 4 10 36 64 10 36 64 -6
 4 16 -36 4 -6 -36 4 10 -36 64 10 -36 64 -6

 4 16 40 0 10 36 4 10 -36 4 10 -40 0 10
 4 16 36 64 10 40 72 10 -40 72 10 -36 64 10
 4 16 36 4 10 40 0 10 40 72 10 36 64 10
 4 16 -36 4 10 -40 0 10 -40 72 10 -36 64 10

 1 16 26 12 -10 4 0 0 0 0 -4 0 0 0 1-4ndis.dat
 1 16 26 60 -10 4 0 0 0 0 4 0 0 0 1-4ndis.dat
 1 16 -26 60 -10 -4 0 0 0 0 4 0 0 0 1-4ndis.dat
 1 16 -26 12 -10 -4 0 0 0 0 -4 0 0 0 1-4ndis.dat

 4 16  40  0 -10  30  8 -10 -30  8 -10 -40  0 -10
 4 16  30 64 -10  40 72 -10 -40 72 -10 -30 64 -10
 4 16  30  4 -10  40  0 -10  40 72 -10  30 68 -10
 4 16 -30  4 -10 -40  0 -10 -40 72 -10 -30 68 -10

1 16  0 0 0  40 0 0  0 1 0  0 0 10  rect.dat
1 16  0 72 0  40 0 0  0 -1 0  0 0 10  rect.dat
 4 16  40  0 -10  40  0 10  40 72 10  40 72 -10
 4 16 -40  0 -10 -40  0 10 -40 72 10 -40 72 -10
0
