0 ROTATION CENTER 0 0 0 1 "Custom" 
0 ROTATION CONFIG 0 0
2 24 10 8 10 10 8 -10
2 24 10 8 -10 2 8 -10
2 24 2 8 -10 2 8 -14.856
2 24 -2 8 -14.856 -2 8 -10
2 24 -2 8 -10 -10 8 -10
2 24 -10 8 -10 -10 8 10
2 24 -10 8 10 10 8 10
2 24 2 8 -14.856 -2 8 -14.856
4 16 10 8 10 10 8 -10 -10 8 -10 -10 8 10
4 16 2 8 -10 2 8 -14.856 -2 8 -14.856 -2 8 -10
0 
2 24 10 8 10 10 0 10
2 24 -10 8 10 -10 0 10
2 24 10 8 -10 10 0 -10
2 24 -10 8 -10 -10 0 -10
2 24 2 8 -10 2 0 -10
2 24 -2 8 -10 -2 0 -10
4 16 -10 8 10 -10 0 10 10 0 10 10 8 10
4 16 10 8 10 10 0 10 10 0 -10 10 8 -10
4 16 -10 8 -10 -10 0 -10 -10 0 10 -10 8 10
4 16 10 8 -10 10 0 -10 2 0 -10 2 8 -10
4 16 -2 8 -10 -2 0 -10 -10 0 -10 -10 8 -10
0 
4 16 -10 0 10 -10 0 -10 10 0 -10 10 0 10
4 16 -2 0 -10 -2 0 -12.398 2 0 -12.398 2 0 -10
2 24 -10 0 -10 -10 0 10
2 24 -10 0 10 10 0 10
2 24 10 0 10 10 0 -10
2 24 10 0 -10 2 0 -10
2 24 -10 0 -10 -2 0 -10
2 24 -2 0 -10 -2 0 -12.398
2 24 2 0 -10 2 0 -12.398
2 24 2 0 -12.398 -2 0 -12.398
0 
3 16 2 0 -10 2 0 -12.398 2 2.0001 -11.9998
3 16 2 0 -10 2 2.0001 -11.9998 2 5.0614 -12.609
3 16 2 5.0614 -12.609 2 8 -10 2 0 -10
3 16 2 8 -10 2 5.0614 -12.609 2 7.657 -14.343
3 16 2 8 -10 2 7.657 -14.343 2 8 -14.856
3 16 -2 2.0001 -11.9998 -2 0 -12.398 -2 0 -10
3 16 -2 5.0614 -12.609 -2 2.0001 -11.9998 -2 0 -10
3 16 -2 0 -10 -2 8 -10 -2 5.0614 -12.609
3 16 -2 7.657 -14.343 -2 5.0614 -12.609 -2 8 -10
3 16 -2 8 -14.856 -2 7.657 -14.343 -2 8 -10
0 
1 16 2 2 -20 0 1 0 7.39104 0 3.06147 3.06147 0 -7.39104 3-4edge.dat
2 24 2 9.391 -16.9385 2 8 -14.856
2 24 2 0 -12.398 2 -1.0614 -12.609
1 16 -2 2 -20 0 1 0 7.39104 0 3.06147 3.06147 0 -7.39104 3-4edge.dat
2 24 -2 9.391 -16.9385 -2 8 -14.856
2 24 -2 0 -12.398 -2 -1.0614 -12.609
0 
1 16 -2 2 -20 0 1 0 8 0 0 0 0 8 4-4disc.dat
1 16 2 2 -20 0 1 0 8 0 0 0 0 8 4-4disc.dat
1 16 2 2 -20 0 -4 0 8 0 0 0 0 8 4-4cyli.dat
0
