0 Baseplate  8 x 32 Boxed
0 Author: James Jessiman

0 BFC NOCERTIFY

 1 16 316 4 76 4 0 0 0 0 0 0 0 4 1-4edge.dat
 2 24 316 4 80 -316 4 80
 1 16 -316 4 76 -4 0 0 0 0 0 0 0 4 1-4edge.dat
 2 24 -320 4 76 -320 4 -76
 1 16 -316 4 -76 -4 0 0 0 0 0 0 0 -4 1-4edge.dat
 2 24 -316 4 -80 316 4 -80
 1 16 316 4 -76 4 0 0 0 0 0 0 0 -4 1-4edge.dat
 2 24 320 4 -76 320 4 76

 1 16 316 0 76 4 0 0 0 0 0 0 0 4 1-4edge.dat
 2 24 316 0 80 -316 0 80
 1 16 -316 0 76 -4 0 0 0 0 0 0 0 4 1-4edge.dat
 2 24 -320 0 76 -320 0 -76
 1 16 -316 0 -76 -4 0 0 0 0 0 0 0 -4 1-4edge.dat
 2 24 -316 0 -80 316 0 -80
 1 16 316 0 -76 4 0 0 0 0 0 0 0 -4 1-4edge.dat
 2 24 320 0 -76 320 0 76

 1 16 316 4 76 4 0 0 0 0 0 0 0 4 1-4disc.dat
 4 16 316 4 76 316 4 80 -316 4 80 -316 4 76
 1 16 -316 4 76 -4 0 0 0 0 0 0 0 4 1-4disc.dat
 4 16 -316 4 76 -320 4 76 -320 4 -76 -316 4 -76
 1 16 -316 4 -76 -4 0 0 0 0 0 0 0 -4 1-4disc.dat
 4 16 -316 4 -76 -316 4 -80 316 4 -80 316 4 -76
 1 16 316 4 -76 4 0 0 0 0 0 0 0 -4 1-4disc.dat
 4 16 316 4 -76 320 4 -76 320 4 76 316 4 76
 4 16 316 4 76 -316 4 76 -316 4 -76 316 4 -76

 1 16 316 0 76 4 0 0 0 0 0 0 0 4 1-4disc.dat
 4 16 316 0 76 316 0 80 -316 0 80 -316 0 76
 1 16 -316 0 76 -4 0 0 0 0 0 0 0 4 1-4disc.dat
 4 16 -316 0 76 -320 0 76 -320 0 -76 -316 0 -76
 1 16 -316 0 -76 -4 0 0 0 0 0 0 0 -4 1-4disc.dat
 4 16 -316 0 -76 -316 0 -80 316 0 -80 316 0 -76
 1 16 316 0 -76 4 0 0 0 0 0 0 0 -4 1-4disc.dat
 4 16 316 0 -76 320 0 -76 320 0 76 316 0 76
 4 16 316 0 76 -316 0 76 -316 0 -76 316 0 -76

 1 16 316 0 76 4 0 0 0 4 0 0 0 4 1-4cyli.dat
 4 16 316 4 80 316 0 80 -316 0 80 -316 4 80
 1 16 -316 0 76 -4 0 0 0 4 0 0 0 4 1-4cyli.dat
 4 16 -320 4 76 -320 0 76 -320 0 -76 -320 4 -76
 1 16 -316 0 -76 -4 0 0 0 4 0 0 0 -4 1-4cyli.dat
 4 16 -316 4 -80 -316 0 -80 316 0 -80 316 4 -80
 1 16 316 0 -76 4 0 0 0 4 0 0 0 -4 1-4cyli.dat
 4 16 320 4 -76 320 0 -76 320 0 76 320 4 76
0
