0 Panel  1 x  4 x  3 with Hollow Studs Simplified
0 Author: James Jessiman

0 BFC CERTIFY CW

1 16  0 72 0  40 0 0  0 -1 0  0 0 10  rect.dat
0
2 24 40 64 6 -40 64 6
2 24 -40 64 6 -40 64 -10
2 24 -40 64 -10 40 64 -10
2 24 40 64 -10 40 64 6
2 24 40 4 6 -40 4 6
2 24 -40 4 6 -40 4 -10
2 24 -40 4 -10 40 4 -10
2 24 40 4 -10 40 4 6
2 24 40 0 10 -40 0 10
2 24 -40 0 10 -40 0 -10
2 24 -40 0 -10 40 0 -10
2 24 40 0 -10 40 0 10
2 24 40 0 -10 40 4 -10
2 24 -40 0 -10 -40 4 -10
2 24 40 4 6 40 64 6
2 24 -40 4 6 -40 64 6
2 24 40 64 -10 40 72 -10
2 24 -40 64 -10 -40 72 -10
2 24 40 0 10 40 72 10
2 24 -40 0 10 -40 72 10
0
4 16 40 64 6 40 64 -10 -40 64 -10 -40 64 6
4 16 -40 4 6 -40 4 -10 40 4 -10 40 4 6
4 16 40 0 10 40 0 -10 -40 0 -10 -40 0 10
4 16 -40 64 10 -40 64 -10 -40 72 -10 -40 72 10
4 16 -40 64 -10 40 64 -10 40 72 -10 -40 72 -10
4 16 40 64 -10 40 64 10 40 72 10 40 72 -10
4 16 40 0 10 -40 0 10 -40 72 10 40 72 10
4 16 -40 4 10 -40 4 6 -40 64 6 -40 64 10
4 16 -40 4 6 40 4 6 40 64 6 -40 64 6
4 16 40 4 6 40 4 10 40 64 10 40 64 6
4 16 -40 0 10 -40 0 -10 -40 4 -10 -40 4 10
4 16 -40 0 -10 40 0 -10 40 4 -10 -40 4 -10
4 16 40 0 -10 40 0 10 40 4 10 40 4 -10
0
