0 ROTATION CENTER 0 0 0 1 "Custom" 
0 ROTATION CONFIG 0 0
2 24 40 8 32 36 8 32
2 24 22 8 32 18 8 32
2 24 2 8 32 -2 8 32
2 24 -18 8 32 -22 8 32
2 24 -36 8 32 -40 8 32
2 24 -40 8 32 -40 8 -40
2 24 -40 8 -40 40 8 -40
2 24 40 8 -40 40 8 32
0 
2 24 40 0 32 36 0 32
2 24 22 0 32 18 0 32
2 24 2 0 32 -2 0 32
2 24 -18 0 32 -22 0 32
2 24 -36 0 32 -40 0 32
2 24 -40 0 32 -40 0 -40
2 24 -40 0 -40 40 0 -40
2 24 40 0 -40 40 0 32
0 
2 24 40 0 32 40 8 32
2 24 36 0 32 36 8 32
2 24 22 0 32 22 8 32
2 24 18 0 32 18 8 32
2 24 2 0 32 2 8 32
2 24 -2 0 32 -2 8 32
2 24 -18 0 32 -18 8 32
2 24 -22 0 32 -22 8 32
2 24 -36 0 32 -36 8 32
2 24 -40 0 32 -40 8 32
0 
2 24 40 0 -40 40 8 -40
2 24 -40 0 -40 -40 8 -40
0 
2 24 36 8 32 36 8 36
2 24 36 0 36 36 0 32
2 24 22 8 32 22 8 36
2 24 22 0 36 22 0 32
2 24 18 8 32 18 8 36
2 24 18 0 36 18 0 32
2 24 2 8 32 2 8 36
2 24 2 0 36 2 0 32
2 24 -2 8 32 -2 8 36
2 24 -2 0 36 -2 0 32
2 24 -18 8 32 -18 8 36
2 24 -18 0 36 -18 0 32
2 24 -22 8 32 -22 8 36
2 24 -22 0 36 -22 0 32
2 24 -36 8 32 -36 8 36
2 24 -36 0 36 -36 0 32
0 
1 16 36 4 36 0 1 0 4 0 0 0 0 4 2-4edge.dat
1 16 22 4 36 0 1 0 4 0 0 0 0 4 2-4edge.dat
1 16 18 4 36 0 1 0 4 0 0 0 0 4 2-4edge.dat
1 16 2 4 36 0 1 0 4 0 0 0 0 4 2-4edge.dat
1 16 -2 4 36 0 1 0 4 0 0 0 0 4 2-4edge.dat
1 16 -18 4 36 0 1 0 4 0 0 0 0 4 2-4edge.dat
1 16 -22 4 36 0 1 0 4 0 0 0 0 4 2-4edge.dat
1 16 -36 4 36 0 1 0 4 0 0 0 0 4 2-4edge.dat
0 
4 16 36 0 32 36 0 36 36 8 36 36 8 32
4 16 22 8 32 22 8 36 22 0 36 22 0 32
4 16 18 0 32 18 0 36 18 8 36 18 8 32
4 16 2 8 32 2 8 36 2 0 36 2 0 32
4 16 -2 0 32 -2 0 36 -2 8 36 -2 8 32
4 16 -18 8 32 -18 8 36 -18 0 36 -18 0 32
4 16 -22 0 32 -22 0 36 -22 8 36 -22 8 32
4 16 -36 8 32 -36 8 36 -36 0 36 -36 0 32
0 
1 16 36 4 36 0 -1 0 4 0 0 0 0 4 2-4disc.dat
1 16 22 4 36 0 1 0 4 0 0 0 0 4 2-4disc.dat
1 16 18 4 36 0 -1 0 4 0 0 0 0 4 2-4disc.dat
1 16 2 4 36 0 1 0 4 0 0 0 0 4 2-4disc.dat
1 16 -2 4 36 0 -1 0 4 0 0 0 0 4 2-4disc.dat
1 16 -18 4 36 0 1 0 4 0 0 0 0 4 2-4disc.dat
1 16 -22 4 36 0 -1 0 4 0 0 0 0 4 2-4disc.dat
1 16 -36 4 36 0 1 0 4 0 0 0 0 4 2-4disc.dat
0 
4 16 40 8 -40 40 8 32 -40 8 32 -40 8 -40
0 
1 16 22 4 36 0 14 0 4 0 0 0 0 4 2-4cyli.dat
1 16 2 4 36 0 16 0 4 0 0 0 0 4 2-4cyli.dat
1 16 -18 4 36 0 16 0 4 0 0 0 0 4 2-4cyli.dat
1 16 -36 4 36 0 14 0 4 0 0 0 0 4 2-4cyli.dat
0 
4 16 40 8 32 40 0 32 36 0 32 36 8 32
4 16 22 8 32 22 0 32 18 0 32 18 8 32
4 16 2 8 32 2 0 32 -2 0 32 -2 8 32
4 16 -36 8 32 -36 0 32 -40 0 32 -40 8 32
4 16 -18 8 32 -18 0 32 -22 0 32 -22 8 32
4 16 -40 8 32 -40 0 32 -40 0 -40 -40 8 -40
4 16 -40 8 -40 -40 0 -40 40 0 -40 40 8 -40
4 16 40 8 -40 40 0 -40 40 0 32 40 8 32
0 
4 16 36 0 36 36 0 32 22 0 32 22 0 36
4 16 18 0 36 18 0 32 2 0 32 2 0 36
4 16 -2 0 36 -2 0 32 -18 0 32 -18 0 36
4 16 -22 0 36 -22 0 32 -36 0 32 -36 0 36
4 16 40 0 32 40 0 -40 -40 0 -40 -40 0 32
0
