0 Slope Brick 33  3 x  1 (Simplified)
0 BFC CERTIFY CCW
 2 24 10 24 10 -10 24 10
 2 24 -10 24 10 -10 24 -50
 2 24 -10 24 -50 10 24 -50
 2 24 10 24 -50 10 24 10

 2 24 10 24 10 10 0 10
 2 24 -10 24 10 -10 0 10
 2 24 10 24 -50 10 20 -50
 2 24 -10 24 -50 -10 20 -50
 2 24 10 0 10 -10 0 10
 2 24 10 0 -10 -10 0 -10
 2 24 10 20 -50 -10 20 -50
 2 24 10 0 10 10 0 -10
 2 24 -10 0 10 -10 0 -10
 2 24 10 20 -50 10 0 -10
 2 24 -10 20 -50 -10 0 -10

 4 16  10 24 10  10 24 -50  -10 24 -50 -10 24 10

4 16 -10 0 -10 10 0 -10 10 0 10 -10 0 10

4 16 -10 0 10 10 0 10 10 24 10 -10 24 10
 4 16 10 24 -50 10 20 -50 -10 20 -50 -10 24 -50

 4 16 10 24 10 10 0 10 10 20 -50 10 24 -50
 3 16 10 0 10 10 0 -10 10 20 -50
4 16 -10 20 -50 -10 0 10 -10 24 10 -10 24 -50
3 16 -10 0 -10 -10 0 10 -10 20 -50

 4 16 10 20 -50 10 0 -10 -10 0 -10 -10 20 -50

0
