0 BFC CERTIFY CCW
0 ROTATION CENTER 0 0 0 1 "Custom" 
0 ROTATION CONFIG 0 0
4 16 40 8 10 40 8 -10 -40 8 -10 -40 8 10

2 24 40 8 10 -40 8 10
2 24 -40 8 10 -40 8 -10
2 24 -36 8 -10 -22 8 -10
2 24 -18 8 -10 -2 8 -10
2 24 2 8 -10 18 8 -10
2 24 22 8 -10 36 8 -10
2 24 40 8 -10 40 8 10

2 24 40 0 10 -40 0 10
2 24 -40 0 10 -40 0 -10
2 24 -36 0 -10 -22 0 -10
2 24 -18 0 -10 -2 0 -10
2 24 2 0 -10 18 0 -10
2 24 22 0 -10 36 0 -10
2 24 40 0 -10 40 0 10

2 24 40 0 10 40 8 10
2 24 -40 0 10 -40 8 10
2 24 -36 0 -10 -36 8 -10
2 24 -22 0 -10 -22 8 -10
2 24 -18 0 -10 -18 8 -10
2 24 -2 0 -10 -2 8 -10
2 24 2 0 -10 2 8 -10
2 24 18 0 -10 18 8 -10
2 24 22 0 -10 22 8 -10
2 24 36 0 -10 36 8 -10

2 24 40 8 -10 40 8 -14
2 24 40 0 -14 40 0 -10
2 24 36 8 -10 36 8 -14
2 24 36 0 -14 36 0 -10
2 24 22 8 -10 22 8 -14
2 24 22 0 -14 22 0 -10
2 24 18 8 -10 18 8 -14
2 24 18 0 -14 18 0 -10
2 24 2 8 -10 2 8 -14
2 24 2 0 -14 2 0 -10
2 24 -2 8 -10 -2 8 -14
2 24 -2 0 -14 -2 0 -10
2 24 -18 8 -10 -18 8 -14
2 24 -18 0 -14 -18 0 -10
2 24 -22 8 -10 -22 8 -14
2 24 -22 0 -14 -22 0 -10
2 24 -36 8 -10 -36 8 -14
2 24 -36 0 -14 -36 0 -10
2 24 -40 8 -10 -40 8 -14
2 24 -40 0 -14 -40 0 -10

1 16 40 4 -14 0 1 0 4 0 0 0 0 -4 2-4edge.dat
1 16 36 4 -14 0 1 0 4 0 0 0 0 -4 2-4edge.dat
1 16 22 4 -14 0 1 0 4 0 0 0 0 -4 2-4edge.dat
1 16 18 4 -14 0 1 0 4 0 0 0 0 -4 2-4edge.dat
1 16 2 4 -14 0 1 0 4 0 0 0 0 -4 2-4edge.dat
1 16 -2 4 -14 0 1 0 4 0 0 0 0 -4 2-4edge.dat
1 16 -18 4 -14 0 1 0 4 0 0 0 0 -4 2-4edge.dat
1 16 -22 4 -14 0 1 0 4 0 0 0 0 -4 2-4edge.dat
1 16 -36 4 -14 0 1 0 4 0 0 0 0 -4 2-4edge.dat
1 16 -40 4 -14 0 1 0 4 0 0 0 0 -4 2-4edge.dat

4 16 40 0 10 -40 0 10 -40 0 -10 40 0 -10

4 16 40 0 10 40 8 10 -40 8 10 -40 0 10
4 16 -40 0 10 -40 8 10 -40 8 -10 -40 0 -10
4 16 -40 0 -10 -40 8 -10 40 8 -10 40 0 -10
4 16 40 0 -10 40 8 -10 40 8 10 40 0 10

4 16 40 0 -10 40 0 -14 40 8 -14 40 8 -10
4 16 36 8 -10 36 8 -14 36 0 -14 36 0 -10
4 16 22 0 -10 22 0 -14 22 8 -14 22 8 -10
4 16 18 8 -10 18 8 -14 18 0 -14 18 0 -10
4 16 2 0 -10 2 0 -14 2 8 -14 2 8 -10
4 16 -2 8 -10 -2 8 -14 -2 0 -14 -2 0 -10
4 16 -18 0 -10 -18 0 -14 -18 8 -14 -18 8 -10
4 16 -22 8 -10 -22 8 -14 -22 0 -14 -22 0 -10
4 16 -36 0 -10 -36 0 -14 -36 8 -14 -36 8 -10
4 16 -40 8 -10 -40 8 -14 -40 0 -14 -40 0 -10
1 16 40 4 -14 0 -1 0 4 0 0 0 0 -4 2-4disc.dat
1 16 36 4 -14 0 1 0 4 0 0 0 0 -4 2-4disc.dat
1 16 22 4 -14 0 -1 0 4 0 0 0 0 -4 2-4disc.dat
1 16 18 4 -14 0 1 0 4 0 0 0 0 -4 2-4disc.dat
1 16 2 4 -14 0 -1 0 4 0 0 0 0 -4 2-4disc.dat
1 16 -2 4 -14 0 1 0 4 0 0 0 0 -4 2-4disc.dat
1 16 -18 4 -14 0 -1 0 4 0 0 0 0 -4 2-4disc.dat
1 16 -22 4 -14 0 1 0 4 0 0 0 0 -4 2-4disc.dat
1 16 -36 4 -14 0 -1 0 4 0 0 0 0 -4 2-4disc.dat
1 16 -40 4 -14 0 1 0 4 0 0 0 0 -4 2-4disc.dat

4 16 40 8 -10 40 8 -14 36 8 -14 36 8 -10
4 16 40 0 -14 40 0 -10 36 0 -10 36 0 -14
4 16 22 8 -10 22 8 -14 18 8 -14 18 8 -10
4 16 22 0 -14 22 0 -10 18 0 -10 18 0 -14
4 16 2 8 -10 2 8 -14 -2 8 -14 -2 8 -10
4 16 2 0 -14 2 0 -10 -2 0 -10 -2 0 -14
4 16 -18 8 -10 -18 8 -14 -22 8 -14 -22 8 -10
4 16 -18 0 -14 -18 0 -10 -22 0 -10 -22 0 -14
4 16 -36 8 -10 -36 8 -14 -40 8 -14 -40 8 -10
4 16 -36 0 -14 -36 0 -10 -40 0 -10 -40 0 -14
1 16 40 4 -14 0 -4 0 4 0 0 0 0 -4 2-4cyli.dat
1 16 22 4 -14 0 -4 0 4 0 0 0 0 -4 2-4cyli.dat
1 16 2 4 -14 0 -4 0 4 0 0 0 0 -4 2-4cyli.dat
1 16 -18 4 -14 0 -4 0 4 0 0 0 0 -4 2-4cyli.dat
1 16 -36 4 -14 0 -4 0 4 0 0 0 0 -4 2-4cyli.dat
0
