0 Container Box  2 x  2 x  2 Simplified
0 Author: James Jessiman

0 BFC CERTIFY CW

1 16  0 48 0  20 0 0  0 -1 0  0 0 20  rect.dat
2 24 16 48 -26 16 48 -20
2 24 16 48 -20 20 48 -20
2 24 20 48 -20 20 48 20
2 24 20 48 20 -20 48 20
2 24 -20 48 20 -20 48 -20
2 24 -20 48 -20 -16 48 -20
2 24 -16 48 -20 -16 48 -26
2 24 -12 48 -26 -12 48 -20
2 24 -12 48 -20 12 48 -20
2 24 12 48 -20 12 48 -26
2 24 16 40 -26 16 40 16
2 24 16 40 16 -16 40 16
2 24 -16 40 16 -16 40 -26
2 24 -12 40 -26 -12 40 -20
2 24 -12 40 -20 12 40 -20
2 24 12 40 -20 12 40 -26
2 24 10 12 16 10 12 20
2 24 10 12 20 -10 12 20
2 24 -10 12 20 -10 12 16
2 24 -10 12 16 10 12 16
2 24 16 4 -20 16 4 16
2 24 16 4 16 10 4 16
2 24 10 4 16 10 4 20
2 24 10 4 20 -10 4 20
2 24 -10 4 20 -10 4 16
2 24 -10 4 16 -16 4 16
2 24 -16 4 16 -16 4 -20
2 24 -16 4 -20 16 4 -20
2 24 20 0 -20 20 0 20
2 24 20 0 20 -20 0 20
2 24 -20 0 20 -20 0 -20
2 24 -20 0 -20 20 0 -20
2 24 12 40 -20 12 48 -20
2 24 -12 40 -20 -12 48 -20
2 24 16 4 16 16 40 16
2 24 -16 4 16 -16 40 16
2 24 16 4 -20 16 48 -20
2 24 -16 4 -20 -16 48 -20
2 24 10 4 20 10 12 20
2 24 -10 4 20 -10 12 20
2 24 10 4 16 10 12 16
2 24 -10 4 16 -10 12 16
2 24 20 0 20 20 48 20
2 24 -20 0 20 -20 48 20
2 24 20 0 -20 20 48 -20
2 24 -20 0 -20 -20 48 -20
1 16 -16 44 -26 0 4 0 4 0 0 0 0 -4 2-4edge.dat
1 16 -12 44 -26 0 4 0 4 0 0 0 0 -4 2-4edge.dat
1 16 12 44 -26 0 4 0 4 0 0 0 0 -4 2-4edge.dat
1 16 16 44 -26 0 4 0 4 0 0 0 0 -4 2-4edge.dat
4 16 -16 48 -20 -16 48 -26 -12 48 -26 -12 48 -20
4 16 12 48 -20 12 48 -26 16 48 -26 16 48 -20
4 16 16 40 -20 16 40 -26 12 40 -26 12 40 -20
4 16 -16 40 -26 -16 40 -20 -12 40 -20 -12 40 -26
4 16 16 40 16 16 40 -20 -16 40 -20 -16 40 16
4 16 10 12 20 10 12 16 -10 12 16 -10 12 20
4 16 10 4 16 10 4 20 -10 4 20 -10 4 16
4 16 16 4 -20 16 4 16 -16 4 16 -16 4 -20
4 16 20 0 20 20 0 -20 -20 0 -20 -20 0 20
4 16 -12 48 -20 -12 40 -20 12 40 -20 12 48 -20
4 16 20 0 -20 20 48 -20 16 48 -20 16 4 -20
4 16 -20 48 -20 -20 0 -20 -16 4 -20 -16 48 -20
4 16 -16 4 -20 -20 0 -20 20 0 -20 16 4 -20
4 16 10 12 16 10 4 16 16 4 16 16 40 16
4 16 -16 40 16 -16 4 16 -10 4 16 -10 12 16
4 16 -16 40 16 -10 12 16 10 12 16 16 40 16
4 16 -16 48 -26 -16 48 -20 -16 40 -20 -16 40 -26
4 16 -12 48 -20 -12 48 -26 -12 40 -26 -12 40 -20
4 16 12 48 -26 12 48 -20 12 40 -20 12 40 -26
4 16 16 48 -20 16 48 -26 16 40 -26 16 40 -20
4 16 10 12 20 10 4 20 10 4 16 10 12 16
4 16 -10 12 16 -10 4 16 -10 4 20 -10 12 20
4 16 16 40 16 16 4 16 16 4 -20 16 40 -20
4 16 -16 40 -20 -16 4 -20 -16 4 16 -16 40 16
4 16 20 48 -20 20 0 -20 20 0 20 20 48 20
4 16 -20 48 20 -20 0 20 -20 0 -20 -20 48 -20
1 16 -16 44 -26 0 4 0 4 0 0 0 0 -4 2-4disc.dat
1 16 -12 44 -26 0 -4 0 4 0 0 0 0 -4 2-4disc.dat
1 16 12 44 -26 0 4 0 4 0 0 0 0 -4 2-4disc.dat
1 16 16 44 -26 0 -4 0 4 0 0 0 0 -4 2-4disc.dat
1 16 -16 44 -26 0 4 0 4 0 0 0 0 -4 2-4cyli.dat
1 16 16 44 -26 0 -4 0 4 0 0 0 0 -4 2-4cyli.dat
0
4 16 20 48 20 20 0 20 10 4 20 10 12 20
4 16 -10 4 20 -20 0 20 -20 48 20 -10 12 20
4 16 20 48 20 10 12 20 -10 12 20 -20 48 20
4 16 10 4 20 20 0 20 -20 0 20 -10 4 20
0
