0 Slope Brick 45  2 x  8 (Simplified)
0 BFC CERTIFY CCW
 2 24 80 24 10 -80 24 10
 2 24 -80 24 10 -80 24 -30
 2 24 -80 24 -30 80 24 -30
 2 24 80 24 -30 80 24 10

 2 24 80 24 10 80 0 10
 2 24 -80 24 10 -80 0 10
 2 24 80 24 -30 80 20 -30
 2 24 -80 24 -30 -80 20 -30
 2 24 80 0 10 -80 0 10
 2 24 80 0 -10 -80 0 -10
 2 24 80 20 -30 -80 20 -30
 2 24 80 0 10 80 0 -10
 2 24 -80 0 10 -80 0 -10
 2 24 80 20 -30 80 0 -10
 2 24 -80 20 -30 -80 0 -10

 4 16  80 24 10  80 24 -30  -80 24 -30  -80 24 10

4 16 -80 0 -10 80 0 -10 80 0 10 -80 0 10

4 16 -80 0 10 80 0 10 80 24 10 -80 24 10
 4 16 80 24 -30 80 20 -30 -80 20 -30 -80 24 -30

 4 16 80 24 10 80 0 10 80 20 -30 80 24 -30
 3 16 80 0 10 80 0 -10 80 20 -30
4 16 -80 20 -30 -80 0 10 -80 24 10 -80 24 -30
3 16 -80 0 -10 -80 0 10 -80 20 -30

 4 16 80 20 -30 80 0 -10 -80 0 -10 -80 20 -30

0
