0 BFC CERTIFY CCW
0 ROTATION CENTER 0 0 0 1 "Custom" 
0 ROTATION CONFIG 0 0
4 16 30 24 -10 10 24 -10 10 24 10 30 24 10
4 16 -10 24 -10 -30 24 -10 -30 24 10 -10 24 10
2 24 10 24 10 30 24 10
2 24 30 24 -10 10 24 -10
2 24 10 24 -10 10 24 10
2 24 -10 24 10 -30 24 10
2 24 -30 24 -10 -10 24 -10
2 24 -10 24 -10 -10 24 10
2 24 10 18 10 10 24 10
2 24 -10 18 10 -10 24 10
2 24 10 18 -10 10 24 -10
2 24 -10 18 -10 -10 24 -10
2 24 10 18 6 10 4 6
2 24 -10 18 6 -10 4 6
2 24 10 18 -6 10 4 -6
2 24 -10 18 -6 -10 4 -6
1 16 0 4 0 10 0 0 0 -1 0 0 0 6 rect.dat
1 16 0 24 0 0 0 -30 0 -24 0 10 0 0 box3u2p.dat
1 16 0 18 10 10 0 0 0 0 -10 0 1 0 2-4edge.dat
1 16 0 18 6 10 0 0 0 0 -10 0 1 0 2-4edge.dat
1 16 0 18 -6 10 0 0 0 0 -10 0 1 0 2-4edge.dat
1 16 0 18 -10 10 0 0 0 0 -10 0 1 0 2-4edge.dat
1 16 0 18 10 10 0 0 0 0 -10 0 -1 0 2-4ndis.dat
1 16 0 18 6 10 0 0 0 0 -10 0 1 0 2-4ndis.dat
1 16 0 18 -6 10 0 0 0 0 -10 0 -1 0 2-4ndis.dat
1 16 0 18 -10 10 0 0 0 0 -10 0 1 0 2-4ndis.dat
0 BFC CERTIFY INVERTNEXT
1 16 0 18 10 10 0 0 0 0 -10 0 -4 0 2-4cyli.dat
0 BFC CERTIFY INVERTNEXT
1 16 0 18 -10 10 0 0 0 0 -10 0 4 0 2-4cyli.dat
4 16 -10 18 -10 -10 24 -10 -10 24 10 -10 18 10
4 16 10 18 10 10 24 10 10 24 -10 10 18 -10
4 16 -10 18 6 -10 4 6 -10 4 -6 -10 18 -6
4 16 10 18 -6 10 4 -6 10 4 6 10 18 6
4 16 10 8 6 10 4 6 -10 4 6 -10 8 6
4 16 -10 8 -6 -10 4 -6 10 4 -6 10 8 -6
4 16 -30 0 10 -10 8 10 -10 24 10 -30 24 10
4 16 30 24 10 10 24 10 10 8 10 30 0 10
4 16 -30 24 -10 -10 24 -10 -10 8 -10 -30 0 -10
4 16 30 0 -10 10 8 -10 10 24 -10 30 24 -10
4 16 30 0 10 10 8 10 -10 8 10 -30 0 10
4 16 -30 0 -10 -10 8 -10 10 8 -10 30 0 -10
0
