0 Slope Brick 10  6 x  8 (Simplified)
0 BFC CERTIFY CCW

 2 24 80 24 40 80 24 -60
 2 24 80 24 -60 -80 24 -60
 2 24 -80 24 -60 -80 24 40

 2 24 80 16 40 80 16 60
 2 24 80 16 60 -80 16 60
 2 24 -80 16 60 -80 16 40

 2 24 80 16 40 80 24 40
 2 24 -80 16 40 -80 24 40

 2 24 80 0 60 -80 0 60
 2 24 -80 0 60 -80 20 -60
 2 24 -80 20 -60 80 20 -60
 2 24 80 20 -60 80 0 60

 2 24 80 0 60 80 16 60
 2 24 -80 0 60 -80 16 60
 2 24 -80 20 -60 -80 24 -60
 2 24 80 20 -60 80 24 -60

 4 16 80 24 40  80 24 -60  -80 24 -60  -80 24 40

 4 16 80 16 40  -80 16 40  -80 16 60  80 16 60

4 16 -80 0 60 80 0 60 80 16 60 -80 16 60
4 16 -80 16 40 80 16 40 80 24 40 -80 24 40
 4 16 80 24 -60 80 20 -60 -80 20 -60 -80 24 -60

 4 16 80 24 -60 80 24 40 80 16 40 80 20 -60
 3 16 80 20 -60 80 16 40 80 0 60
 3 16 80 0 60 80 16 40 80 16 60

4 16 -80 16 40 -80 24 40 -80 24 -60 -80 20 -60
3 16 -80 16 40 -80 20 -60 -80 0 60
3 16 -80 16 40 -80 0 60 -80 16 60

4 16 -80 20 -60 80 20 -60 80 0 60 -80 0 60
0
