0 ROTATION CENTER 0 0 0 1 "Custom" 
0 ROTATION CONFIG 0 0
2 24 80 72 20 40 72 20
2 24 80 72 -20 40 72 -20
2 24 -80 72 20 -40 72 20
2 24 -80 72 -20 -40 72 -20
2 24 20 24 20 -20 24 20
2 24 20 24 -20 -20 24 -20
1 16 20 44 20 20 0 0 0 0 -20 0 1 0 1-4edge.dat
1 16 -20 44 20 -20 0 0 0 0 -20 0 1 0 1-4edge.dat
1 16 20 44 -20 20 0 0 0 0 -20 0 1 0 1-4edge.dat
1 16 -20 44 -20 -20 0 0 0 0 -20 0 1 0 1-4edge.dat
1 16 20 44 16 20 0 0 0 0 -20 0 1 0 1-4edge.dat
1 16 -20 44 16 -20 0 0 0 0 -20 0 1 0 1-4edge.dat
1 16 20 44 -16 20 0 0 0 0 -20 0 1 0 1-4edge.dat
1 16 -20 44 -16 -20 0 0 0 0 -20 0 1 0 1-4edge.dat
0 BFC CERTIFY INVERTNEXT
1 16 -30 14 0 0 0 10 0 -10 0 -16 0 0 box2-5.dat
0 BFC CERTIFY INVERTNEXT
1 16 30 14 0 0 0 -10 0 -10 0 16 0 0 box2-5.dat
0 BFC CERTIFY INVERTNEXT
1 16 0 24 0 16 0 0 0 -20 0 0 0 16 box5.dat
1 16 0 72 0 0 0 80 0 -72 0 20 0 0 box3u2p.dat
4 16 80 72 -20 40 72 -20 40 72 20 80 72 20
4 16 -80 72 20 -40 72 20 -40 72 -20 -80 72 -20
4 16 20 24 20 16 24 16 -16 24 16 -20 24 20
4 16 -20 24 20 -16 24 16 -16 24 -16 -20 24 -20
4 16 -20 24 -20 -16 24 -16 16 24 -16 20 24 -20
4 16 20 24 -20 16 24 -16 16 24 16 20 24 20
0 BFC CERTIFY INVERTNEXT
1 16 20 44 20 20 0 0 0 0 -20 0 -4 0 1-4cyli.dat
0 BFC CERTIFY INVERTNEXT
1 16 -20 44 20 -20 0 0 0 0 -20 0 -4 0 1-4cyli.dat
0 BFC CERTIFY INVERTNEXT
1 16 20 44 -20 20 0 0 0 0 -20 0 4 0 1-4cyli.dat
0 BFC CERTIFY INVERTNEXT
1 16 -20 44 -20 -20 0 0 0 0 -20 0 4 0 1-4cyli.dat
1 16 -40 58 0 0 -1 0 0 0 14 20 0 0 rect3.dat
1 16 40 58 0 0 1 0 0 0 14 20 0 0 rect3.dat
1 16 -40 24 0 0 -1 0 20 0 0 0 0 -16 rect2p.dat
1 16 40 24 0 0 1 0 20 0 0 0 0 -16 rect2p.dat
4 16 40 72 20 40 24 20 80 0 20 80 72 20
4 16 -80 72 20 -80 0 20 -40 24 20 -40 72 20
4 16 80 0 20 40 24 20 -40 24 20 -80 0 20
1 16 20 44 20 20 0 0 0 0 -20 0 -1 0 1-4ndis.dat
1 16 -20 44 20 -20 0 0 0 0 -20 0 -1 0 1-4ndis.dat
4 16 40 24 16 40 4 16 20 4 16 20 24 16
4 16 -20 24 16 -20 4 16 -40 4 16 -40 24 16
1 16 20 44 16 20 0 0 0 0 -20 0 1 0 1-4ndis.dat
1 16 -20 44 16 -20 0 0 0 0 -20 0 1 0 1-4ndis.dat
4 16 20 24 -16 20 4 -16 40 4 -16 40 24 -16
4 16 -40 24 -16 -40 4 -16 -20 4 -16 -20 24 -16
1 16 20 44 -16 20 0 0 0 0 -20 0 -1 0 1-4ndis.dat
1 16 -20 44 -16 -20 0 0 0 0 -20 0 -1 0 1-4ndis.dat
4 16 80 72 -20 80 0 -20 40 24 -20 40 72 -20
4 16 -40 72 -20 -40 24 -20 -80 0 -20 -80 72 -20
4 16 -80 0 -20 -40 24 -20 40 24 -20 80 0 -20
1 16 20 44 -20 20 0 0 0 0 -20 0 1 0 1-4ndis.dat
1 16 -20 44 -20 -20 0 0 0 0 -20 0 1 0 1-4ndis.dat
1 16 71.901 4 0 4.099 0 0 0 60 0 0 0 1 box3u8p.dat
2 24 67.802 4 1 67.802 64 1
2 24 67.802 4 -1 67.802 64 -1
2 24 76 4 1 76 64 1
2 24 76 4 -1 76 64 -1
2 24 67.802 64 -1 68 64 0
2 24 68 64 0 67.802 64 1
2 24 76 64 -1 76 64 1
1 16 48.099 4 0 -4.099 0 0 0 60 0 0 0 -1 box3u8p.dat
2 24 52.198 4 -1 52.198 64 -1
2 24 52.198 4 1 52.198 64 1
2 24 44 4 -1 44 64 -1
2 24 44 4 1 44 64 1
2 24 52.198 64 1 52 64 0
2 24 52 64 0 52.198 64 -1
2 24 44 64 1 44 64 -1
1 16 -71.901 4 0 -4.099 0 0 0 60 0 0 0 -1 box3u8p.dat
2 24 -67.802 4 -1 -67.802 64 -1
2 24 -67.802 4 1 -67.802 64 1
2 24 -76 4 -1 -76 64 -1
2 24 -76 4 1 -76 64 1
2 24 -67.802 64 1 -68 64 0
2 24 -68 64 0 -67.802 64 -1
2 24 -76 64 1 -76 64 -1
1 16 -48.099 4 0 4.099 0 0 0 60 0 0 0 1 box3u8p.dat
2 24 -52.198 4 1 -52.198 64 1
2 24 -52.198 4 -1 -52.198 64 -1
2 24 -44 4 1 -44 64 1
2 24 -44 4 -1 -44 64 -1
2 24 -52.198 64 -1 -52 64 0
2 24 -52 64 0 -52.198 64 1
2 24 -44 64 -1 -44 64 1
0
