0 Panel  1 x  2 x  1 Simplified
0 Author: James Jessiman

0 BFC CERTIFY CCW

1 16  0 24 0  20 0 0  0 -1 0  0 0 10  rect.dat
2 24 20 16 6 -20 16 6
2 24 -20 16 6 -20 16 -10
2 24 -20 16 -10 20 16 -10
2 24 20 16 -10 20 16 6
2 24 20 0 10 -20 0 10
2 24 -20 0 10 -20 0 6
2 24 -20 0 6 20 0 6
2 24 20 0 6 20 0 10
2 24 20 0 6 20 16 6
2 24 -20 0 6 -20 16 6
2 24 20 16 -10 20 24 -10
2 24 -20 16 -10 -20 24 -10
2 24 20 0 10 20 24 10
2 24 -20 0 10 -20 24 10
4 16 20 16 -10 20 16 6 -20 16 6 -20 16 -10
4 16 20 0 6 20 0 10 -20 0 10 -20 0 6
4 16 -20 24 10 -20 24 -10 -20 16 -10 -20 16 6
4 16 -20 24 -10 20 24 -10 20 16 -10 -20 16 -10
4 16 20 24 -10 20 24 10 20 16 6 20 16 -10
4 16 -20 24 10 -20 16 6 -20 0 6 -20 0 10
4 16 -20 16 6 20 16 6 20 0 6 -20 0 6
4 16  20 16 6  20 24 10  20 0 10  20 0 6
4 16  20 24 10  -20 24 10  -20 0 10  20 0 10
0
