2 24 10 -16 10 10 -1 10
2 24 -10 -16 10 -10 -1 10
2 24 -10 -4 -10 -10 -1 -10
2 24 10 -4 -10 10 -1 -10
2 24 10 -1 10 -10 -1 10
2 24 10 -1 -10 -10 -1 -10
2 24 10 -16 10 -10 -16 10
2 24 10 -4 -10 -10 -4 -10
2 24 10 -1 10 10 -1 -10
2 24 -10 -1 10 -10 -1 -10
2 24 -10 -16 10 -10 -4 -10
2 24 10 -16 10 10 -4 -10
4 16 -10 -16 10 -10 -1 10 -10 -1 -10 -10 -4 -10
4 16 10 -16 10 10 -4 -10 10 -1 -10 10 -1 10
4 16 10 -16 10 10 -1 10 -10 -1 10 -10 -16 10
4 16 10 -4 -10 -10 -4 -10 -10 -1 -10 10 -1 -10
4 16 -10 -16 10 -10 -4 -10 10 -4 -10 10 -16 10
2 24 9 0 9 -9 0 9
2 24 9 0 -9 -9 0 -9
1 16 0 -1 0 0 0 9 0 1 0 -9 0 0 box4.dat
4 16 10 -1 -10 9 -1 -9 9 -1 9 10 -1 10
4 16 -10 -1 10 -9 -1 9 -9 -1 -9 -10 -1 -10
4 16 10 -1 10 9 -1 9 -9 -1 9 -10 -1 10
4 16 -10 -1 -10 -9 -1 -9 9 -1 -9 10 -1 -10
4 16 -9 0 9 9 0 9 9 0 -9 -9 0 -9
5 24 -2.2961 -4 -5.5434 -2.2961 -3.674 -5.5434 -3.1092 -4 -5 -2.2961 -4 -5.5434
5 24 0 -4 -6 0 -3.4 -6 -2.2961 -4 -5.5434 2.2961 -4 -5.5434
0
