0 BFC CERTIFY CCW
0 ROTATION CENTER 0 0 0 1 "Custom" 
0 ROTATION CONFIG 0 0
2 24 40 24 20 -40 24 20
2 24 -40 24 20 -40 24 -20
2 24 -40 24 -20 40 24 -20
2 24 40 24 -20 40 24 20

2 24 40 24 20 40 20 20
2 24 -40 24 20 -40 20 20
2 24 -40 24 -20 -40 20 -20
2 24 40 24 -20 40 20 -20

4 16 40 24 20 40 24 -20 -40 24 -20 -40 24 20

1 16 40 20 0 0 1 0 0 0 -20 -20 0 0 2-4edge.dat
1 16 -40 20 0 0 1 0 0 0 -20 -20 0 0 2-4edge.dat

4 16 -40 20 20 40 20 20 40 24 20 -40 24 20
4 16 40 24 -20 40 20 -20 -40 20 -20 -40 24 -20
4 16 40 24 20 40 20 20 40 20 -20 40 24 -20
4 16 -40 20 -20 -40 20 20 -40 24 20 -40 24 -20
0 BFC INVERTNEXT
1 16 40 20 0 0 1 0 0 0 -20 -20 0 0 2-4disc.dat
1 16 -40 20 0 0 1 0 0 0 -20 -20 0 0 2-4disc.dat
1 16 40 20 0 0 -80 0 0 0 -20 -20 0 0 2-4cyli.dat
0
