0 Slope Brick 45  2 x  2 (Simplified)
 2 24 20 24 10 -20 24 10
 2 24 -20 24 10 -20 24 -30
 2 24 -20 24 -30 20 24 -30
 2 24 20 24 -30 20 24 10
 2 24 20 24 10 20 0 10
 2 24 -20 24 10 -20 0 10
 2 24 20 24 -30 20 20 -30
 2 24 -20 24 -30 -20 20 -30
 2 24 20 0 10 -20 0 10
 2 24 20 0 -10 -20 0 -10
 2 24 20 20 -30 -20 20 -30
 2 24 20 0 10 20 0 -10
 2 24 -20 0 10 -20 0 -10
 2 24 20 20 -30 20 0 -10
 2 24 -20 20 -30 -20 0 -10
 4 16  20 24 10  20 24 -30  -20 24 -30  -20 24 10
 4 16 20 0 10  20 0 -10 -20 0 -10 -20 0 10
 4 16 20 24 10 20 0 10 -20 0 10 -20 24 10
 4 16 20 24 -30 20 20 -30 -20 20 -30 -20 24 -30
 4 16 20 24 10 20 0 10 20 20 -30 20 24 -30
 3 16 20 0 10 20 0 -10 20 20 -30
 4 16 -20 24 10 -20 0 10 -20 20 -30 -20 24 -30
 3 16 -20 0 10 -20 0 -10 -20 20 -30
 4 16 20 20 -30 20 0 -10 -20 0 -10 -20 20 -30
 1 16 -10 0 0 1 0 0 0 1 0 0 0 1 stud.dat
 1 16 10 0 0 1 0 0 0 1 0 0 0 1 stud.dat
0
