0 BFC CERTIFY CW
 2 24 -20 0 -20 60 0 -20 
 2 24 -20 0 60 -20 0 -20 
 2 24 -20 24 -20 -20 0 -20 
 2 24 -20 24 -20 60 24 -20 
 2 24 -20 24 60 -20 0 60 
 2 24 -20 24 60 -20 24 -20 
 2 24 20 0 20 20 0 60 
 2 24 20 0 60 -20 0 60 
 2 24 20 24 20 20 24 60 
 2 24 20 24 20 20 0 20 
 2 24 20 24 60 -20 24 60 
 2 24 20 24 60 20 0 60 
 2 24 60 0 -20 60 0 20 
 2 24 60 0 20 20 0 20 
 2 24 60 24 20 20 24 20 
 2 24 60 24 -20 60 0 -20 
 2 24 60 24 -20 60 24 20 
 2 24 60 24 20 60 0 20
1 16 40 12 20 0 0 20 -12 0 0 0 -4 0 rect.dat
1 16 60 12 0 0 -4 0 -12 0 0 0 0 20 rect.dat
1 16 0 12 60 0 0 20 -12 0 0 0 -4 0 rect.dat
1 16 20 12 40 0 -4 0 -12 0 0 0 0 20 rect.dat
1 16 20 12 -20 0 0 40 -12 0 0 0 4 0 rect.dat
1 16 -20 12 20 0 4 0 -12 0 0 0 0 40 rect.dat
4 16 -20 0 -20 -20 0 20 60 0 20 60 0 -20
 4 16 20 0 60 20 0 20 -20 0 20 -20 0 60 
 4 16 60 24 20 -20 24 20 -20 24 -20 60 24 -20 
4 16 -20 24 20 20 24 20 20 24 60 -20 24 60
1 16  0 0 0  1 0 0  0 1 0  0 0 1  stug2.dat
1 16  40 0 0  1 0 0  0 1 0  0 0 1  stug2.dat
1 16  0 0 40  1 0 0  0 1 0  0 0 1  stug2.dat
0
