0 Baseplate  8 x 16 Boxed
0 Author: James Jessiman

0 BFC NOCERTIFY

 1 16 156 4 76 4 0 0 0 0 0 0 0 4 1-4edge.dat
 2 24 156 4 80 -156 4 80
 1 16 -156 4 76 -4 0 0 0 0 0 0 0 4 1-4edge.dat
 2 24 -160 4 76 -160 4 -76
 1 16 -156 4 -76 -4 0 0 0 0 0 0 0 -4 1-4edge.dat
 2 24 -156 4 -80 156 4 -80
 1 16 156 4 -76 4 0 0 0 0 0 0 0 -4 1-4edge.dat
 2 24 160 4 -76 160 4 76

 1 16 156 0 76 4 0 0 0 0 0 0 0 4 1-4edge.dat
 2 24 156 0 80 -156 0 80
 1 16 -156 0 76 -4 0 0 0 0 0 0 0 4 1-4edge.dat
 2 24 -160 0 76 -160 0 -76
 1 16 -156 0 -76 -4 0 0 0 0 0 0 0 -4 1-4edge.dat
 2 24 -156 0 -80 156 0 -80
 1 16 156 0 -76 4 0 0 0 0 0 0 0 -4 1-4edge.dat
 2 24 160 0 -76 160 0 76

 1 16 156 4 76 4 0 0 0 0 0 0 0 4 1-4disc.dat
 4 16 156 4 76 156 4 80 -156 4 80 -156 4 76
 1 16 -156 4 76 -4 0 0 0 0 0 0 0 4 1-4disc.dat
 4 16 -156 4 76 -160 4 76 -160 4 -76 -156 4 -76
 1 16 -156 4 -76 -4 0 0 0 0 0 0 0 -4 1-4disc.dat
 4 16 -156 4 -76 -156 4 -80 156 4 -80 156 4 -76
 1 16 156 4 -76 4 0 0 0 0 0 0 0 -4 1-4disc.dat
 4 16 156 4 -76 160 4 -76 160 4 76 156 4 76
 4 16 156 4 76 -156 4 76 -156 4 -76 156 4 -76

 1 16 156 0 76 4 0 0 0 0 0 0 0 4 1-4disc.dat
 4 16 156 0 76 156 0 80 -156 0 80 -156 0 76
 1 16 -156 0 76 -4 0 0 0 0 0 0 0 4 1-4disc.dat
 4 16 -156 0 76 -160 0 76 -160 0 -76 -156 0 -76
 1 16 -156 0 -76 -4 0 0 0 0 0 0 0 -4 1-4disc.dat
 4 16 -156 0 -76 -156 0 -80 156 0 -80 156 0 -76
 1 16 156 0 -76 4 0 0 0 0 0 0 0 -4 1-4disc.dat
 4 16 156 0 -76 160 0 -76 160 0 76 156 0 76
 4 16 156 0 76 -156 0 76 -156 0 -76 156 0 -76

 1 16 156 0 76 4 0 0 0 4 0 0 0 4 1-4cyli.dat
 4 16 156 4 80 156 0 80 -156 0 80 -156 4 80
 1 16 -156 0 76 -4 0 0 0 4 0 0 0 4 1-4cyli.dat
 4 16 -160 4 76 -160 0 76 -160 0 -76 -160 4 -76
 1 16 -156 0 -76 -4 0 0 0 4 0 0 0 -4 1-4cyli.dat
 4 16 -156 4 -80 -156 0 -80 156 0 -80 156 4 -80
 1 16 156 0 -76 4 0 0 0 4 0 0 0 -4 1-4cyli.dat
 4 16 160 4 -76 160 0 -76 160 0 76 160 4 76
0
