0 Baseplate 32 x 32 Road Straight with Road Pattern-9 Studs
0 Name: dd606p01.dat
0 Author: Leonardo Zide
0 !LDRAW_ORG Part UPDATE 1998-09
0 !LICENSE Redistributable under CCAL version 2.0 : see CAreadme.txt

0 !HISTORY 1998-10-15 [PTadmin] Official Update 1998-09
0 !HISTORY 2007-07-12 [PTadmin] Header formatted for Contributor Agreement
0 !HISTORY 2008-07-01 [PTadmin] Official Update 2008-01

 2 24 133 0 320 117 0 320
 2 24 117 0 320 117 0 -320
 2 24 117 0 -320 133 0 -320
 2 24 133 0 -320 133 0 320
 4 2 133 0 320 133 0 -320 117 0 -320 117 0 320

 2 24 -117 0 320 -133 0 320
 2 24 -133 0 320 -133 0 -320
 2 24 -133 0 -320 -117 0 -320
 2 24 -117 0 -320 -117 0 320
 4 2 -117 0 320 -117 0 -320 -133 0 -320 -133 0 320

1 15 0 0 310 6 0 0 0 0 0 0 0 10 rect.dat
1 15 0 0 256 6 0 0 0 0 0 0 0 20 rect.dat
1 15 0 0 192 6 0 0 0 0 0 0 0 20 rect.dat
1 15 0 0 128 6 0 0 0 0 0 0 0 20 rect.dat
1 15 0 0 64 6 0 0 0 0 0 0 0 20 rect.dat
1 15 0 0 0 6 0 0 0 0 0 0 0 20 rect.dat
1 15 0 0 -64 6 0 0 0 0 0 0 0 20 rect.dat
1 15 0 0 -128 6 0 0 0 0 0 0 0 20 rect.dat
1 15 0 0 -192 6 0 0 0 0 0 0 0 20 rect.dat
1 15 0 0 -256 6 0 0 0 0 0 0 0 20 rect.dat
1 15 0 0 -310 6 0 0 0 0 0 0 0 10 rect.dat

4 16 316 0 320 133 0 320 133 0 -320 316 0 -320
4 16 117 0 320 6 0 320 6 0 -320 117 0 -320
4 16 -316 0 320 -133 0 320 -133 0 -320 -316 0 -320
4 16 -117 0 320 -6 0 320 -6 0 -320 -117 0 -320

4 16 6 0 300 6 0 276 -6 0 276 -6 0 300
4 16 6 0 236 6 0 212 -6 0 212 -6 0 236
4 16 6 0 172 6 0 148 -6 0 148 -6 0 172
4 16 6 0 108 6 0 84 -6 0 84 -6 0 108
4 16 6 0 44 6 0 20 -6 0 20 -6 0 44
4 16 6 0 -300 6 0 -276 -6 0 -276 -6 0 -300
4 16 6 0 -236 6 0 -212 -6 0 -212 -6 0 -236
4 16 6 0 -172 6 0 -148 -6 0 -148 -6 0 -172
4 16 6 0 -108 6 0 -84 -6 0 -84 -6 0 -108
4 16 6 0 -44 6 0 -20 -6 0 -20 -6 0 -44

1 16 316 4 316 4 0 0 0 0 0 0 0 4 1-4edge.dat
2 24 316 4 320 -316 4 320
1 16 -316 4 316 -4 0 0 0 0 0 0 0 4 1-4edge.dat
2 24 -320 4 316 -320 4 -316
1 16 -316 4 -316 -4 0 0 0 0 0 0 0 -4 1-4edge.dat
2 24 -316 4 -320 316 4 -320
1 16 316 4 -316 4 0 0 0 0 0 0 0 -4 1-4edge.dat
2 24 320 4 -316 320 4 316

1 16 316 0 316 4 0 0 0 0 0 0 0 4 1-4edge.dat
2 24 316 0 320 -316 0 320
1 16 -316 0 316 -4 0 0 0 0 0 0 0 4 1-4edge.dat
2 24 -320 0 316 -320 0 -316
1 16 -316 0 -316 -4 0 0 0 0 0 0 0 -4 1-4edge.dat
2 24 -316 0 -320 316 0 -320
1 16 316 0 -316 4 0 0 0 0 0 0 0 -4 1-4edge.dat
2 24 320 0 -316 320 0 316

1 16 316 4 316 4 0 0 0 0 0 0 0 4 1-4disc.dat
4 16 316 4 316 316 4 320 -316 4 320 -316 4 316
1 16 -316 4 316 -4 0 0 0 0 0 0 0 4 1-4disc.dat
4 16 -316 4 316 -320 4 316 -320 4 -316 -316 4 -316
1 16 -316 4 -316 -4 0 0 0 0 0 0 0 -4 1-4disc.dat
4 16 -316 4 -316 -316 4 -320 316 4 -320 316 4 -316
1 16 316 4 -316 4 0 0 0 0 0 0 0 -4 1-4disc.dat
4 16 316 4 -316 320 4 -316 320 4 316 316 4 316
4 16 316 4 316 -316 4 316 -316 4 -316 316 4 -316

1 16 316 0 316 4 0 0 0 0 0 0 0 4 1-4disc.dat
1 16 -316 0 316 -4 0 0 0 0 0 0 0 4 1-4disc.dat
4 16 -316 0 316 -320 0 316 -320 0 -316 -316 0 -316
1 16 -316 0 -316 -4 0 0 0 0 0 0 0 -4 1-4disc.dat
1 16 316 0 -316 4 0 0 0 0 0 0 0 -4 1-4disc.dat
4 16 316 0 -316 320 0 -316 320 0 316 316 0 316

1 16 316 0 316 4 0 0 0 4 0 0 0 4 1-4cyli.dat
4 16 316 4 320 316 0 320 -316 0 320 -316 4 320
1 16 -316 0 316 -4 0 0 0 4 0 0 0 4 1-4cyli.dat
4 16 -320 4 316 -320 0 316 -320 0 -316 -320 4 -316
1 16 -316 0 -316 -4 0 0 0 4 0 0 0 -4 1-4cyli.dat
4 16 -316 4 -320 -316 0 -320 316 0 -320 316 4 -320
1 16 316 0 -316 4 0 0 0 4 0 0 0 -4 1-4cyli.dat
4 16 320 4 -316 320 0 -316 320 0 316 320 4 316
0