0 ROTATION CENTER 0 0 0 1 "Custom" 
0 ROTATION CONFIG 0 0
4 16 -40 0 -40 -40 0 40 40 0 40 40 0 -40
0 
4 16 -40 20 -60 -40 0 -40 40 0 -40 40 20 -60
4 16 -40 0 40 -40 20 60 40 20 60 40 0 40
4 16 40 20 -60 40 24 -60 -40 24 -60 -40 20 -60
4 16 -40 20 60 -40 24 60 40 24 60 40 20 60
4 16 -40 0 -40 -40 20 -60 -40 24 -60 -40 24 -40
4 16 -40 24 40 -40 24 60 -40 20 60 -40 0 40
4 16 40 24 -40 40 24 -60 40 20 -60 40 0 -40
4 16 40 0 40 40 20 60 40 24 60 40 24 40
4 16 -40 0 -40 -40 24 -40 -40 24 40 -40 0 40
4 16 40 0 40 40 24 40 40 24 -40 40 0 -40
0 
4 16 -40 24 60 40 24 60 40 24 -60 -40 24 -60
0 
2 24 -40 0 -40 40 0 -40
2 24 -40 0 40 40 0 40
2 24 -40 0 -40 -40 0 40
2 24 40 0 -40 40 0 40
2 24 -40 0 -40 -40 20 -60
2 24 -40 0 40 -40 20 60
2 24 40 0 -40 40 20 -60
2 24 40 0 40 40 20 60
2 24 -40 20 -60 40 20 -60
2 24 -40 20 60 40 20 60
2 24 -40 20 -60 -40 24 -60
2 24 -40 20 60 -40 24 60
2 24 40 20 -60 40 24 -60
2 24 40 20 60 40 24 60
2 24 -40 24 -60 40 24 -60
2 24 -40 24 60 40 24 60
2 24 -40 24 -60 -40 24 60
2 24 40 24 -60 40 24 60
0
