0 ROTATION CENTER 0 0 0 1 "Custom" 
0 ROTATION CONFIG 0 0
1 16 0 0 0 1 0 0 0 1 0 0 0 1 b\s\3298s01.dat

0 // front face
4 16 -20 0 -10 -20 1.0559 -12.1117 0 1.0559 -12.1117 20 0 -10
3 16 20 0 -10 0 1.0559 -12.1117 20 1.0559 -12.1117
1 16 0 10.0001 -30.0003 20 0 0 0 0.8944 -8.9443 0 0.4472 17.8885 48\1-4ndis.dat
1 16 0 10.0001 -30.0003 0 0 20 8.9443 0.8944 0 -17.8885 0.4472 0 48\1-4ndis.dat
1 16 0 10.0001 -30.0003 -20 0 0 0 0.8944 8.9443 0 0.4472 -17.8885 48\1-4ndis.dat
1 16 0 10.0001 -30.0003 0 0 -20 -8.9443 0.8944 0 17.8885 0.4472 0 48\1-4ndis.dat
4 16 -20 18.9444 -47.8888 -20 20 -50 20 20 -50 0 18.9444 -47.8888
3 16 0 18.9444 -47.8888 20 20 -50 20 18.9444 -47.8888

0 // pattern
1 1 0 10.0001 -30.0003 1 0 0 0 0.8944 -0.4472 0 0.4472 0.8944 s\973p55a.dat
1 496 0 10.0001 -30.0003 1 0 0 0 0.8944 -0.4472 0 0.4472 0.8944 s\973p55b.dat
0
