0 ROTATION CENTER 0 0 0 1 "Custom" 
0 ROTATION CONFIG 0 0
4 16 60 48 10 40 48 10 40 48 -10 60 48 -10
4 16 -60 48 -10 -40 48 -10 -40 48 10 -60 48 10
2 24 40 48 10 60 48 10
2 24 60 48 10 60 48 -10
2 24 60 48 -10 40 48 -10
2 24 40 48 -10 40 48 10
2 24 -40 48 10 -60 48 10
2 24 -60 48 10 -60 48 -10
2 24 -60 48 -10 -40 48 -10
2 24 -40 48 -10 -40 48 10
2 24 60 0 10 -60 0 10
2 24 -60 0 10 -60 0 -10
2 24 -60 0 -10 60 0 -10
2 24 60 0 -10 60 0 10
2 24 60 0 10 60 48 10
2 24 -60 0 10 -60 48 10
2 24 -60 0 -10 -60 48 -10
2 24 60 0 -10 60 48 -10
2 24 40 48 6 40 4 6
2 24 -40 48 6 -40 4 6
2 24 40 48 -6 40 4 -6
2 24 -40 48 -6 -40 4 -6
1 16 0 4 0 40 0 0 0 -1 0 0 0 -6 rect.dat
1 16 0 48 10 40 0 0 0 0 -40 0 1 0 48\1-4edge.dat
1 16 0 48 10 0 0 -40 -40 0 0 0 1 0 48\1-4edge.dat
1 16 0 48 6 40 0 0 0 0 -40 0 1 0 48\1-4edge.dat
1 16 0 48 6 0 0 -40 -40 0 0 0 1 0 48\1-4edge.dat
1 16 0 48 -6 40 0 0 0 0 -40 0 1 0 48\1-4edge.dat
1 16 0 48 -6 0 0 -40 -40 0 0 0 1 0 48\1-4edge.dat
1 16 0 48 -10 40 0 0 0 0 -40 0 1 0 48\1-4edge.dat
1 16 0 48 -10 0 0 -40 -40 0 0 0 1 0 48\1-4edge.dat
1 16 0 48 10 -40 0 0 0 0 -40 0 -1 0 48\1-4ndis.dat
1 16 0 48 10 0 0 40 -40 0 0 0 -1 0 48\1-4ndis.dat
1 16 0 48 6 40 0 0 0 0 -40 0 1 0 48\1-4ndis.dat
1 16 0 48 -6 -40 0 0 0 0 -40 0 -1 0 48\1-4ndis.dat
1 16 0 48 -6 0 0 40 -40 0 0 0 -1 0 48\1-4ndis.dat
1 16 0 48 6 0 0 -40 -40 0 0 0 1 0 48\1-4ndis.dat
1 16 0 48 -10 40 0 0 0 0 -40 0 1 0 48\1-4ndis.dat
1 16 0 48 -10 0 0 -40 -40 0 0 0 1 0 48\1-4ndis.dat
0 BFC CERTIFY INVERTNEXT
1 16 0 48 10 40 0 0 0 0 -40 0 -4 0 48\1-4cyli.dat
0 BFC CERTIFY INVERTNEXT
1 16 0 48 10 0 0 -40 -40 0 0 0 -4 0 48\1-4cyli.dat
0 BFC CERTIFY INVERTNEXT
1 16 0 48 -10 40 0 0 0 0 -40 0 4 0 48\1-4cyli.dat
0 BFC CERTIFY INVERTNEXT
1 16 0 48 -10 0 0 -40 -40 0 0 0 4 0 48\1-4cyli.dat
4 16 -40 48 -6 -40 4 -6 -40 4 6 -40 48 6
4 16 40 48 6 40 4 6 40 4 -6 40 48 -6
4 16 -40 8 6 -40 4 6 40 4 6 40 8 6
4 16 40 8 -6 40 4 -6 -40 4 -6 -40 8 -6
4 16 -40 48 10 -40 8 10 -60 0 10 -60 48 10
4 16 60 0 10 40 8 10 40 48 10 60 48 10
4 16 -60 0 -10 -40 8 -10 -40 48 -10 -60 48 -10
4 16 40 48 -10 40 8 -10 60 0 -10 60 48 -10
4 16 -60 0 10 -40 8 10 40 8 10 60 0 10
4 16 60 0 -10 40 8 -10 -40 8 -10 -60 0 -10
4 16 -60 0 -10 -60 48 -10 -60 48 10 -60 0 10
4 16 60 0 10 60 48 10 60 48 -10 60 0 -10
4 16 -60 0 10 60 0 10 60 0 -10 -60 0 -10
0
