0 Baseplate 16 x 18
0 Name: t184.dat
0 Author: Peter Watts [FrozenPea]
0 !LDRAW_ORG Part UPDATE 2004-04
0 !LICENSE Redistributable under CCAL version 2.0 : see CAreadme.txt

0 ROTATION CENTER 0 0 0 1 "Custom" 
0 ROTATION CONFIG 0 0
0 BFC CERTIFY CCW

0 !HISTORY 2004-11-06 [PTadmin] Official Update 2004-04
0 !HISTORY 2007-05-04 [PTadmin] Header formatted for Contributor Agreement
0 !HISTORY 2008-07-01 [PTadmin] Official Update 2008-01

1 16 176 4 156 4 0 0 0 1 0 0 0 4 1-4edge.dat
2 24 176 4 160 -176 4 160
1 16 -176 4 156 -4 0 0 0 1 0 0 0 4 1-4edge.dat
2 24 -180 4 156 -180 4 -156
1 16 -176 4 -156 -4 0 0 0 1 0 0 0 -4 1-4edge.dat
2 24 -176 4 -160 176 4 -160
1 16 176 4 -156 4 0 0 0 1 0 0 0 -4 1-4edge.dat
2 24 180 4 -156 180 4 156
1 16 176 0 156 4 0 0 0 1 0 0 0 4 1-4edge.dat
2 24 176 0 160 -176 0 160
1 16 -176 0 156 -4 0 0 0 1 0 0 0 4 1-4edge.dat
2 24 -180 0 156 -180 0 -156
1 16 -176 0 -156 -4 0 0 0 1 0 0 0 -4 1-4edge.dat
2 24 -176 0 -160 176 0 -160
1 16 176 0 -156 4 0 0 0 1 0 0 0 -4 1-4edge.dat
2 24 180 0 -156 180 0 156
1 16 176 4 156 4 0 0 0 -1 0 0 0 4 1-4disc.dat
4 16 -176 4 156 -176 4 160 176 4 160 176 4 156
1 16 -176 4 156 -4 0 0 0 -1 0 0 0 4 1-4disc.dat
4 16 -176 4 -156 -180 4 -156 -180 4 156 -176 4 156
1 16 -176 4 -156 -4 0 0 0 -1 0 0 0 -4 1-4disc.dat
4 16 176 4 -156 176 4 -160 -176 4 -160 -176 4 -156
1 16 176 4 -156 4 0 0 0 -1 0 0 0 -4 1-4disc.dat
4 16 176 4 156 180 4 156 180 4 -156 176 4 -156
4 16 176 4 -156 -176 4 -156 -176 4 156 176 4 156
1 16 176 0 156 4 0 0 0 1 0 0 0 4 1-4disc.dat
4 16 176 0 156 176 0 160 -176 0 160 -176 0 156
1 16 -176 0 156 -4 0 0 0 1 0 0 0 4 1-4disc.dat
4 16 -176 0 156 -180 0 156 -180 0 -156 -176 0 -156
1 16 -176 0 -156 -4 0 0 0 1 0 0 0 -4 1-4disc.dat
4 16 -176 0 -156 -176 0 -160 176 0 -160 176 0 -156
1 16 176 0 -156 4 0 0 0 1 0 0 0 -4 1-4disc.dat
4 16 176 0 -156 180 0 -156 180 0 156 176 0 156
4 16 176 0 156 -176 0 156 -176 0 -156 176 0 -156
1 16 176 0 156 4 0 0 0 4 0 0 0 4 1-4cyli.dat
4 16 -176 4 160 -176 0 160 176 0 160 176 4 160
1 16 -176 0 156 -4 0 0 0 4 0 0 0 4 1-4cyli.dat
4 16 -180 4 -156 -180 0 -156 -180 0 156 -180 4 156
1 16 -176 0 -156 -4 0 0 0 4 0 0 0 -4 1-4cyli.dat
4 16 176 4 -160 176 0 -160 -176 0 -160 -176 4 -160
1 16 176 0 -156 4 0 0 0 4 0 0 0 -4 1-4cyli.dat
4 16 180 4 156 180 0 156 180 0 -156 180 4 -156
0
