0 ROTATION CENTER 0 0 0 1 "Custom" 
0 ROTATION CONFIG 0 0
4 16 20 24 10 -20 24 10 -20 24 -10 20 24 -10
2 24 20 24 -10 20 24 10
2 24 20 24 -10 -20 24 -10
2 24 -20 24 -10 -20 24 10
2 24 20 4 -30 20 24 -10
2 24 -20 4 -30 -20 24 -10
2 24 20 0 -30 20 0 10
2 24 -20 0 -30 -20 0 10
4 16 20 24 10 20 24 -10 20 4 -30 20 0 10
3 16 20 0 10 20 4 -30 20 0 -30
1 16 0 12 10 20 0 0 0 0 12 0 -1 0 rect.dat
4 16 -20 24 10 -20 0 10 -20 4 -30 -20 24 -10
3 16 -20 0 -30 -20 4 -30 -20 0 10
1 16 0 2 -30 20 0 0 0 0 2 0 1 0 rect.dat
4 16 -20 0 10 20 0 10 20 0 -30 -20 0 -30
0
