0 ROTATION CENTER 0 0 0 1 "Custom" 
0 ROTATION CONFIG 0 0
4 16 10 24 10 -10 24 10 -10 24 -10 10 24 -10
2 24 10 24 -10 10 24 10
2 24 10 24 -10 -10 24 -10
2 24 -10 24 -10 -10 24 10
2 24 10 4 -30 10 24 -10
2 24 -10 4 -30 -10 24 -10
2 24 10 0 -30 10 0 10
2 24 -10 0 -30 -10 0 10
4 16 10 24 10 10 24 -10 10 4 -30 10 0 10
3 16 10 0 10 10 4 -30 10 0 -30
1 16 0 12 10 10 0 0 0 0 12 0 -1 0 rect.dat
4 16 -10 24 10 -10 0 10 -10 4 -30 -10 24 -10
3 16 -10 0 -30 -10 4 -30 -10 0 10
1 16 0 2 -30 10 0 0 0 0 2 0 1 0 rect.dat
4 16 -10 0 10 10 0 10 10 0 -30 -10 0 -30
0
