0 BFC CERTIFY CCW
0 ROTATION CENTER 0 0 0 1 "Custom" 
0 ROTATION CONFIG 0 0
2 24 -60 24 10 -60 24 -50
2 24 -60 24 10 60 24 10
2 24 60 24 -50 60 24 10
2 24 60 24 10 60 0 10
2 24 -60 24 10 -60 0 10
2 24 60 20 -50 60 0 -10
2 24 -60 20 -50 -60 0 -10
4 16 60 0 10 60 24 10 -60 24 10 -60 0 10
4 16 -60 24 10 60 24 10 60 24 -50 -60 24 -50
4 16 60 24 10 60 0 10 60 20 -50 60 24 -50
3 16 60 0 10 60 0 -10 60 20 -50
4 16 -60 24 10 -60 24 -50 -60 20 -50 -60 0 10
3 16 -60 0 10 -60 20 -50 -60 0 -10
1 16 0 0 0 60 0 0 0 1 0 0 0 10 rect.dat
1 16 0 22 -50 -60 0 0 0 0 2 0 1 0 rect.dat
0
